Wavelength_nm 1 2 3 4 5 6
450.0 -0.0034 0.0414 0.0331 0.0202 0.0060 -0.0062
450.5 -0.0032 0.0417 0.0332 0.0198 0.0056 -0.0063
451.0 -0.0031 0.0421 0.0333 0.0201 0.0056 -0.0062
451.5 -0.0035 0.0422 0.0334 0.0201 0.0058 -0.0064
452.0 -0.0034 0.0422 0.0337 0.0202 0.0056 -0.0064
452.5 -0.0032 0.0425 0.0340 0.0202 0.0060 -0.0061
453.0 -0.0033 0.0427 0.0340 0.0203 0.0057 -0.0064
453.5 -0.0029 0.0429 0.0340 0.0203 0.0059 -0.0062
454.0 -0.0034 0.0428 0.0340 0.0201 0.0057 -0.0064
454.5 -0.0034 0.0431 0.0342 0.0206 0.0056 -0.0062
455.0 -0.0032 0.0433 0.0344 0.0205 0.0058 -0.0061
455.5 -0.0032 0.0436 0.0346 0.0205 0.0057 -0.0060
456.0 -0.0032 0.0436 0.0348 0.0206 0.0057 -0.0064
456.5 -0.0030 0.0438 0.0349 0.0206 0.0056 -0.0064
457.0 -0.0032 0.0439 0.0350 0.0204 0.0056 -0.0062
457.5 -0.0034 0.0441 0.0351 0.0206 0.0056 -0.0066
458.0 -0.0036 0.0445 0.0353 0.0208 0.0056 -0.0063
458.5 -0.0033 0.0443 0.0350 0.0208 0.0055 -0.0064
459.0 -0.0031 0.0449 0.0355 0.0211 0.0056 -0.0062
459.5 -0.0032 0.0448 0.0359 0.0208 0.0055 -0.0064
460.0 -0.0034 0.0452 0.0359 0.0209 0.0055 -0.0064
460.5 -0.0032 0.0454 0.0361 0.0212 0.0055 -0.0063
461.0 -0.0031 0.0457 0.0362 0.0211 0.0056 -0.0063
461.5 -0.0033 0.0458 0.0364 0.0213 0.0056 -0.0062
462.0 -0.0032 0.0461 0.0370 0.0212 0.0056 -0.0062
462.5 -0.0032 0.0461 0.0369 0.0214 0.0056 -0.0063
463.0 -0.0032 0.0466 0.0371 0.0214 0.0055 -0.0062
463.5 -0.0034 0.0466 0.0370 0.0212 0.0053 -0.0066
464.0 -0.0032 0.0467 0.0374 0.0214 0.0053 -0.0067
464.5 -0.0034 0.0471 0.0376 0.0216 0.0055 -0.0065
465.0 -0.0031 0.0474 0.0381 0.0217 0.0054 -0.0061
465.5 -0.0032 0.0477 0.0382 0.0219 0.0055 -0.0064
466.0 -0.0032 0.0478 0.0384 0.0218 0.0055 -0.0063
466.5 -0.0033 0.0482 0.0383 0.0220 0.0055 -0.0065
467.0 -0.0033 0.0483 0.0385 0.0219 0.0055 -0.0064
467.5 -0.0031 0.0485 0.0387 0.0222 0.0054 -0.0063
468.0 -0.0032 0.0487 0.0391 0.0221 0.0055 -0.0064
468.5 -0.0032 0.0487 0.0389 0.0221 0.0053 -0.0066
469.0 -0.0031 0.0495 0.0394 0.0224 0.0055 -0.0062
469.5 -0.0032 0.0495 0.0393 0.0224 0.0054 -0.0065
470.0 -0.0032 0.0496 0.0397 0.0223 0.0056 -0.0063
470.5 -0.0033 0.0497 0.0395 0.0224 0.0052 -0.0064
471.0 -0.0033 0.0498 0.0398 0.0223 0.0049 -0.0064
471.5 -0.0031 0.0502 0.0400 0.0227 0.0052 -0.0064
472.0 -0.0030 0.0501 0.0401 0.0224 0.0052 -0.0064
472.5 -0.0031 0.0504 0.0401 0.0224 0.0052 -0.0063
473.0 -0.0026 0.0507 0.0404 0.0226 0.0051 -0.0060
473.5 -0.0029 0.0509 0.0406 0.0228 0.0053 -0.0064
474.0 -0.0029 0.0509 0.0407 0.0227 0.0053 -0.0063
474.5 -0.0032 0.0512 0.0407 0.0227 0.0052 -0.0060
475.0 -0.0029 0.0511 0.0409 0.0227 0.0054 -0.0061
475.5 -0.0031 0.0513 0.0407 0.0229 0.0053 -0.0064
476.0 -0.0030 0.0513 0.0409 0.0229 0.0051 -0.0063
476.5 -0.0027 0.0514 0.0412 0.0231 0.0053 -0.0063
477.0 -0.0029 0.0516 0.0412 0.0228 0.0052 -0.0063
477.5 -0.0031 0.0513 0.0409 0.0227 0.0049 -0.0066
478.0 -0.0029 0.0518 0.0410 0.0228 0.0050 -0.0063
478.5 -0.0032 0.0517 0.0412 0.0227 0.0051 -0.0065
479.0 -0.0029 0.0519 0.0415 0.0228 0.0051 -0.0064
479.5 -0.0030 0.0518 0.0412 0.0228 0.0049 -0.0064
480.0 -0.0030 0.0519 0.0413 0.0227 0.0049 -0.0066
480.5 -0.0031 0.0519 0.0415 0.0229 0.0051 -0.0064
481.0 -0.0030 0.0521 0.0413 0.0230 0.0050 -0.0063
481.5 -0.0032 0.0520 0.0415 0.0228 0.0049 -0.0063
482.0 -0.0031 0.0520 0.0414 0.0226 0.0046 -0.0063
482.5 -0.0030 0.0519 0.0417 0.0229 0.0047 -0.0064
483.0 -0.0028 0.0521 0.0415 0.0229 0.0047 -0.0062
483.5 -0.0029 0.0522 0.0416 0.0228 0.0047 -0.0066
484.0 -0.0030 0.0521 0.0415 0.0227 0.0048 -0.0066
484.5 -0.0027 0.0522 0.0416 0.0228 0.0048 -0.0062
485.0 -0.0031 0.0520 0.0414 0.0227 0.0046 -0.0063
485.5 -0.0031 0.0520 0.0413 0.0227 0.0044 -0.0065
486.0 -0.0029 0.0524 0.0417 0.0228 0.0047 -0.0065
486.5 -0.0026 0.0525 0.0416 0.0230 0.0048 -0.0062
487.0 -0.0026 0.0525 0.0418 0.0229 0.0047 -0.0062
487.5 -0.0030 0.0527 0.0418 0.0230 0.0045 -0.0063
488.0 -0.0028 0.0526 0.0419 0.0230 0.0045 -0.0065
488.5 -0.0031 0.0524 0.0416 0.0227 0.0046 -0.0064
489.0 -0.0028 0.0525 0.0418 0.0228 0.0045 -0.0063
489.5 -0.0026 0.0528 0.0418 0.0230 0.0045 -0.0063
490.0 -0.0027 0.0528 0.0422 0.0230 0.0047 -0.0064
490.5 -0.0025 0.0528 0.0422 0.0232 0.0049 -0.0061
491.0 -0.0030 0.0527 0.0419 0.0226 0.0043 -0.0064
491.5 -0.0031 0.0529 0.0418 0.0226 0.0043 -0.0065
492.0 -0.0028 0.0529 0.0420 0.0227 0.0046 -0.0063
492.5 -0.0028 0.0529 0.0420 0.0229 0.0046 -0.0063
493.0 -0.0027 0.0528 0.0421 0.0226 0.0044 -0.0064
493.5 -0.0030 0.0531 0.0422 0.0227 0.0044 -0.0065
494.0 -0.0029 0.0530 0.0423 0.0225 0.0044 -0.0063
494.5 -0.0030 0.0534 0.0423 0.0228 0.0041 -0.0065
495.0 -0.0030 0.0533 0.0423 0.0230 0.0045 -0.0065
495.5 -0.0029 0.0534 0.0423 0.0227 0.0045 -0.0064
496.0 -0.0027 0.0538 0.0428 0.0231 0.0044 -0.0061
496.5 -0.0026 0.0538 0.0427 0.0229 0.0047 -0.0064
497.0 -0.0028 0.0539 0.0427 0.0229 0.0045 -0.0064
497.5 -0.0026 0.0540 0.0429 0.0230 0.0045 -0.0065
498.0 -0.0028 0.0542 0.0431 0.0232 0.0045 -0.0064
498.5 -0.0026 0.0542 0.0430 0.0232 0.0045 -0.0064
499.0 -0.0026 0.0546 0.0433 0.0234 0.0045 -0.0062
499.5 -0.0025 0.0548 0.0433 0.0232 0.0045 -0.0059
500.0 -0.0025 0.0549 0.0434 0.0231 0.0046 -0.0062
500.5 -0.0028 0.0549 0.0435 0.0231 0.0042 -0.0062
501.0 -0.0028 0.0548 0.0437 0.0232 0.0042 -0.0064
501.5 -0.0024 0.0551 0.0439 0.0235 0.0048 -0.0060
502.0 -0.0026 0.0552 0.0438 0.0236 0.0044 -0.0063
502.5 -0.0027 0.0553 0.0438 0.0232 0.0044 -0.0064
503.0 -0.0026 0.0555 0.0442 0.0235 0.0043 -0.0062
503.5 -0.0027 0.0556 0.0442 0.0234 0.0045 -0.0062
504.0 -0.0025 0.0560 0.0443 0.0237 0.0045 -0.0061
504.5 -0.0029 0.0559 0.0444 0.0235 0.0042 -0.0063
505.0 -0.0027 0.0559 0.0443 0.0236 0.0043 -0.0065
505.5 -0.0027 0.0562 0.0446 0.0236 0.0043 -0.0064
506.0 -0.0027 0.0562 0.0446 0.0235 0.0041 -0.0062
506.5 -0.0025 0.0567 0.0448 0.0239 0.0045 -0.0060
507.0 -0.0026 0.0566 0.0445 0.0236 0.0044 -0.0062
507.5 -0.0027 0.0566 0.0446 0.0236 0.0043 -0.0063
508.0 -0.0025 0.0567 0.0449 0.0234 0.0045 -0.0064
508.5 -0.0024 0.0567 0.0451 0.0237 0.0044 -0.0062
509.0 -0.0026 0.0569 0.0448 0.0238 0.0045 -0.0063
509.5 -0.0024 0.0570 0.0452 0.0235 0.0045 -0.0061
510.0 -0.0026 0.0568 0.0450 0.0236 0.0045 -0.0062
510.5 -0.0026 0.0568 0.0449 0.0236 0.0041 -0.0064
511.0 -0.0026 0.0567 0.0450 0.0238 0.0041 -0.0062
511.5 -0.0023 0.0570 0.0452 0.0238 0.0045 -0.0061
512.0 -0.0025 0.0566 0.0450 0.0238 0.0043 -0.0062
512.5 -0.0021 0.0567 0.0452 0.0240 0.0044 -0.0061
513.0 -0.0022 0.0567 0.0449 0.0237 0.0043 -0.0060
513.5 -0.0024 0.0563 0.0446 0.0235 0.0043 -0.0063
514.0 -0.0023 0.0565 0.0447 0.0236 0.0043 -0.0061
514.5 -0.0026 0.0562 0.0443 0.0236 0.0040 -0.0061
515.0 -0.0025 0.0562 0.0445 0.0233 0.0039 -0.0063
515.5 -0.0023 0.0560 0.0444 0.0235 0.0042 -0.0064
516.0 -0.0027 0.0555 0.0440 0.0230 0.0038 -0.0064
516.5 -0.0024 0.0555 0.0439 0.0231 0.0038 -0.0063
517.0 -0.0026 0.0554 0.0436 0.0229 0.0040 -0.0064
517.5 -0.0027 0.0550 0.0433 0.0226 0.0039 -0.0064
518.0 -0.0024 0.0550 0.0432 0.0227 0.0040 -0.0061
518.5 -0.0027 0.0544 0.0428 0.0222 0.0036 -0.0063
519.0 -0.0028 0.0541 0.0425 0.0222 0.0037 -0.0063
519.5 -0.0022 0.0539 0.0427 0.0223 0.0039 -0.0061
520.0 -0.0023 0.0533 0.0420 0.0221 0.0038 -0.0063
520.5 -0.0027 0.0532 0.0416 0.0218 0.0035 -0.0063
521.0 -0.0024 0.0527 0.0414 0.0219 0.0036 -0.0060
521.5 -0.0023 0.0524 0.0407 0.0216 0.0037 -0.0060
522.0 -0.0027 0.0519 0.0406 0.0214 0.0036 -0.0061
522.5 -0.0025 0.0514 0.0402 0.0213 0.0035 -0.0059
523.0 -0.0024 0.0511 0.0400 0.0212 0.0038 -0.0059
523.5 -0.0027 0.0505 0.0392 0.0206 0.0034 -0.0062
524.0 -0.0022 0.0499 0.0391 0.0207 0.0035 -0.0059
524.5 -0.0026 0.0496 0.0384 0.0200 0.0033 -0.0061
525.0 -0.0024 0.0489 0.0377 0.0199 0.0032 -0.0061
525.5 -0.0025 0.0483 0.0373 0.0197 0.0032 -0.0062
526.0 -0.0022 0.0475 0.0369 0.0196 0.0032 -0.0062
526.5 -0.0026 0.0468 0.0362 0.0190 0.0030 -0.0062
527.0 -0.0027 0.0463 0.0359 0.0187 0.0029 -0.0062
527.5 -0.0028 0.0458 0.0352 0.0185 0.0026 -0.0062
528.0 -0.0028 0.0452 0.0345 0.0184 0.0027 -0.0061
528.5 -0.0027 0.0444 0.0343 0.0181 0.0025 -0.0063
529.0 -0.0027 0.0438 0.0336 0.0177 0.0028 -0.0061
529.5 -0.0028 0.0430 0.0330 0.0175 0.0024 -0.0060
530.0 -0.0028 0.0423 0.0321 0.0169 0.0022 -0.0063
530.5 -0.0026 0.0418 0.0317 0.0167 0.0023 -0.0062
531.0 -0.0025 0.0410 0.0310 0.0166 0.0020 -0.0059
531.5 -0.0024 0.0404 0.0307 0.0163 0.0024 -0.0057
532.0 -0.0027 0.0395 0.0296 0.0159 0.0022 -0.0059
532.5 -0.0029 0.0385 0.0288 0.0155 0.0020 -0.0061
533.0 -0.0030 0.0379 0.0286 0.0150 0.0017 -0.0062
533.5 -0.0027 0.0371 0.0280 0.0148 0.0019 -0.0059
534.0 -0.0029 0.0366 0.0272 0.0147 0.0020 -0.0062
534.5 -0.0029 0.0360 0.0268 0.0143 0.0017 -0.0057
535.0 -0.0027 0.0351 0.0261 0.0137 0.0018 -0.0062
535.5 -0.0028 0.0344 0.0252 0.0136 0.0016 -0.0062
536.0 -0.0030 0.0333 0.0243 0.0132 0.0011 -0.0060
536.5 -0.0027 0.0327 0.0240 0.0133 0.0019 -0.0060
537.0 -0.0029 0.0317 0.0232 0.0128 0.0018 -0.0061
537.5 -0.0028 0.0313 0.0228 0.0127 0.0018 -0.0061
538.0 -0.0028 0.0304 0.0222 0.0124 0.0018 -0.0062
538.5 -0.0029 0.0297 0.0215 0.0121 0.0016 -0.0060
539.0 -0.0029 0.0287 0.0207 0.0115 0.0013 -0.0062
539.5 -0.0027 0.0283 0.0201 0.0116 0.0015 -0.0061
540.0 -0.0028 0.0274 0.0195 0.0110 0.0015 -0.0060
540.5 -0.0027 0.0270 0.0189 0.0108 0.0013 -0.0059
541.0 -0.0029 0.0260 0.0183 0.0103 0.0011 -0.0060
541.5 -0.0030 0.0254 0.0180 0.0104 0.0013 -0.0060
542.0 -0.0030 0.0245 0.0170 0.0097 0.0008 -0.0062
542.5 -0.0026 0.0240 0.0165 0.0095 0.0008 -0.0060
543.0 -0.0032 0.0232 0.0159 0.0091 0.0011 -0.0061
543.5 -0.0032 0.0226 0.0152 0.0089 0.0005 -0.0062
544.0 -0.0030 0.0219 0.0150 0.0088 0.0009 -0.0058
544.5 -0.0030 0.0212 0.0144 0.0084 0.0007 -0.0060
545.0 -0.0027 0.0205 0.0139 0.0082 0.0006 -0.0061
545.5 -0.0032 0.0199 0.0130 0.0078 0.0005 -0.0063
546.0 -0.0031 0.0193 0.0126 0.0075 0.0006 -0.0060
546.5 -0.0032 0.0186 0.0121 0.0073 0.0004 -0.0058
547.0 -0.0032 0.0182 0.0118 0.0072 0.0004 -0.0059
547.5 -0.0033 0.0176 0.0111 0.0068 0.0003 -0.0059
548.0 -0.0030 0.0168 0.0107 0.0065 0.0002 -0.0062
548.5 -0.0032 0.0165 0.0102 0.0061 0.0002 -0.0061
549.0 -0.0030 0.0158 0.0097 0.0061 0.0001 -0.0059
549.5 -0.0032 0.0152 0.0093 0.0058 0.0000 -0.0061
550.0 -0.0031 0.0149 0.0088 0.0054 -0.0003 -0.0062
550.5 -0.0033 0.0143 0.0085 0.0053 -0.0001 -0.0060
551.0 -0.0034 0.0138 0.0081 0.0052 -0.0003 -0.0059
551.5 -0.0033 0.0131 0.0077 0.0047 -0.0004 -0.0060
552.0 -0.0032 0.0129 0.0075 0.0047 -0.0002 -0.0060
552.5 -0.0030 0.0127 0.0073 0.0049 -0.0002 -0.0058
553.0 -0.0032 0.0123 0.0066 0.0046 -0.0004 -0.0060
553.5 -0.0032 0.0116 0.0062 0.0042 -0.0005 -0.0060
554.0 -0.0031 0.0115 0.0062 0.0041 -0.0003 -0.0056
554.5 -0.0033 0.0106 0.0054 0.0038 -0.0005 -0.0061
555.0 -0.0031 0.0106 0.0053 0.0037 -0.0003 -0.0060
555.5 -0.0032 0.0101 0.0051 0.0035 -0.0004 -0.0059
556.0 -0.0034 0.0097 0.0046 0.0033 -0.0007 -0.0060
556.5 -0.0032 0.0092 0.0044 0.0035 -0.0005 -0.0060
557.0 -0.0031 0.0090 0.0039 0.0030 -0.0007 -0.0060
557.5 -0.0030 0.0087 0.0041 0.0031 -0.0004 -0.0058
558.0 -0.0035 0.0081 0.0033 0.0028 -0.0009 -0.0063
558.5 -0.0032 0.0079 0.0032 0.0027 -0.0007 -0.0062
559.0 -0.0033 0.0075 0.0028 0.0025 -0.0009 -0.0061
559.5 -0.0033 0.0074 0.0027 0.0023 -0.0009 -0.0060
560.0 -0.0036 0.0070 0.0023 0.0022 -0.0011 -0.0062
560.5 -0.0034 0.0067 0.0025 0.0022 -0.0009 -0.0058
561.0 -0.0035 0.0064 0.0019 0.0020 -0.0011 -0.0060
561.5 -0.0035 0.0065 0.0019 0.0021 -0.0009 -0.0060
562.0 -0.0032 0.0060 0.0016 0.0019 -0.0010 -0.0060
562.5 -0.0034 0.0058 0.0013 0.0019 -0.0012 -0.0061
563.0 -0.0033 0.0055 0.0013 0.0018 -0.0010 -0.0060
563.5 -0.0035 0.0054 0.0009 0.0017 -0.0011 -0.0060
564.0 -0.0034 0.0053 0.0008 0.0017 -0.0008 -0.0062
564.5 -0.0033 0.0049 0.0010 0.0014 -0.0011 -0.0058
565.0 -0.0030 0.0051 0.0008 0.0014 -0.0008 -0.0060
565.5 -0.0031 0.0045 0.0007 0.0014 -0.0011 -0.0056
566.0 -0.0033 0.0043 0.0004 0.0014 -0.0010 -0.0060
566.5 -0.0036 0.0041 0.0001 0.0008 -0.0016 -0.0061
567.0 -0.0035 0.0037 0.0000 0.0010 -0.0014 -0.0062
567.5 -0.0032 0.0040 0.0000 0.0012 -0.0012 -0.0059
568.0 -0.0031 0.0038 -0.0001 0.0010 -0.0011 -0.0059
568.5 -0.0032 0.0036 -0.0004 0.0009 -0.0013 -0.0061
569.0 -0.0031 0.0034 -0.0001 0.0010 -0.0010 -0.0058
569.5 -0.0030 0.0032 -0.0003 0.0009 -0.0009 -0.0055
570.0 -0.0031 0.0028 -0.0006 0.0005 -0.0013 -0.0056
570.5 -0.0032 0.0029 -0.0006 0.0007 -0.0012 -0.0059
571.0 -0.0028 0.0029 -0.0006 0.0007 -0.0010 -0.0054
571.5 -0.0030 0.0028 -0.0009 0.0006 -0.0010 -0.0055
572.0 -0.0028 0.0029 -0.0007 0.0007 -0.0010 -0.0055
572.5 -0.0029 0.0024 -0.0009 0.0005 -0.0012 -0.0057
573.0 -0.0030 0.0024 -0.0010 0.0004 -0.0012 -0.0056
573.5 -0.0028 0.0021 -0.0011 0.0006 -0.0010 -0.0054
574.0 -0.0028 0.0023 -0.0011 0.0007 -0.0010 -0.0053
574.5 -0.0030 0.0018 -0.0013 0.0005 -0.0012 -0.0055
575.0 -0.0027 0.0020 -0.0013 0.0005 -0.0011 -0.0054
575.5 -0.0028 0.0017 -0.0013 0.0001 -0.0011 -0.0055
576.0 -0.0030 0.0016 -0.0014 0.0004 -0.0012 -0.0054
576.5 -0.0028 0.0013 -0.0017 -0.0001 -0.0012 -0.0054
577.0 -0.0031 0.0014 -0.0016 0.0002 -0.0010 -0.0054
577.5 -0.0026 0.0015 -0.0014 0.0006 -0.0009 -0.0050
578.0 -0.0026 0.0014 -0.0016 0.0005 -0.0010 -0.0050
578.5 -0.0027 0.0015 -0.0016 0.0005 -0.0009 -0.0051
579.0 -0.0024 0.0009 -0.0017 0.0002 -0.0011 -0.0053
579.5 -0.0027 0.0012 -0.0019 0.0002 -0.0009 -0.0051
580.0 -0.0028 0.0008 -0.0022 0.0003 -0.0009 -0.0054
580.5 -0.0024 0.0011 -0.0019 0.0004 -0.0008 -0.0050
581.0 -0.0029 0.0003 -0.0022 0.0000 -0.0013 -0.0052
581.5 -0.0027 0.0008 -0.0022 0.0002 -0.0010 -0.0052
582.0 -0.0026 0.0006 -0.0023 0.0003 -0.0009 -0.0050
582.5 -0.0023 0.0005 -0.0021 0.0003 -0.0010 -0.0049
583.0 -0.0026 0.0006 -0.0021 0.0002 -0.0008 -0.0049
583.5 -0.0022 0.0008 -0.0020 0.0003 -0.0009 -0.0049
584.0 -0.0025 0.0001 -0.0024 0.0001 -0.0010 -0.0048
584.5 -0.0027 0.0003 -0.0025 -0.0001 -0.0010 -0.0051
585.0 -0.0023 0.0003 -0.0022 0.0001 -0.0009 -0.0048
585.5 -0.0025 0.0001 -0.0025 0.0001 -0.0008 -0.0048
586.0 -0.0023 0.0001 -0.0024 0.0001 -0.0009 -0.0047
586.5 -0.0025 0.0000 -0.0025 0.0000 -0.0009 -0.0048
587.0 -0.0021 0.0002 -0.0023 0.0001 -0.0008 -0.0045
587.5 -0.0024 0.0003 -0.0024 0.0004 -0.0007 -0.0046
588.0 -0.0023 0.0000 -0.0026 0.0001 -0.0006 -0.0045
588.5 -0.0026 -0.0004 -0.0028 -0.0002 -0.0012 -0.0048
589.0 -0.0023 -0.0001 -0.0026 0.0001 -0.0011 -0.0047
589.5 -0.0026 -0.0003 -0.0029 -0.0003 -0.0010 -0.0047
590.0 -0.0022 -0.0001 -0.0023 0.0000 -0.0007 -0.0043
590.5 -0.0022 -0.0003 -0.0027 0.0002 -0.0008 -0.0045
591.0 -0.0025 -0.0005 -0.0027 -0.0001 -0.0008 -0.0046
591.5 -0.0025 -0.0007 -0.0029 -0.0003 -0.0008 -0.0048
592.0 -0.0022 -0.0006 -0.0029 -0.0003 -0.0008 -0.0047
592.5 -0.0023 -0.0006 -0.0028 -0.0001 -0.0010 -0.0047
593.0 -0.0024 -0.0006 -0.0029 -0.0003 -0.0007 -0.0047
593.5 -0.0024 -0.0006 -0.0031 -0.0003 -0.0010 -0.0047
594.0 -0.0023 -0.0007 -0.0029 -0.0002 -0.0010 -0.0044
594.5 -0.0025 -0.0008 -0.0029 -0.0003 -0.0013 -0.0045
595.0 -0.0022 -0.0007 -0.0028 -0.0001 -0.0010 -0.0044
595.5 -0.0020 -0.0006 -0.0029 -0.0001 -0.0007 -0.0043
596.0 -0.0023 -0.0008 -0.0031 0.0000 -0.0006 -0.0044
596.5 -0.0022 -0.0007 -0.0028 -0.0004 -0.0008 -0.0043
597.0 -0.0022 -0.0006 -0.0029 0.0000 -0.0006 -0.0040
597.5 -0.0021 -0.0009 -0.0028 -0.0004 -0.0009 -0.0042
598.0 -0.0018 -0.0008 -0.0030 -0.0002 -0.0008 -0.0042
598.5 -0.0021 -0.0009 -0.0032 -0.0004 -0.0007 -0.0043
599.0 -0.0022 -0.0010 -0.0032 -0.0003 -0.0008 -0.0042
599.5 -0.0023 -0.0009 -0.0033 -0.0004 -0.0010 -0.0041
600.0 -0.0022 -0.0011 -0.0034 -0.0003 -0.0008 -0.0042
600.5 -0.0020 -0.0012 -0.0032 -0.0003 -0.0009 -0.0043
601.0 -0.0022 -0.0012 -0.0031 -0.0002 -0.0008 -0.0041
601.5 -0.0022 -0.0012 -0.0033 -0.0004 -0.0009 -0.0042
602.0 -0.0022 -0.0013 -0.0032 -0.0006 -0.0009 -0.0044
602.5 -0.0021 -0.0013 -0.0033 -0.0005 -0.0011 -0.0043
603.0 -0.0020 -0.0011 -0.0034 -0.0002 -0.0009 -0.0041
603.5 -0.0022 -0.0017 -0.0035 -0.0006 -0.0012 -0.0044
604.0 -0.0022 -0.0015 -0.0035 -0.0006 -0.0010 -0.0044
604.5 -0.0023 -0.0014 -0.0036 -0.0003 -0.0011 -0.0044
605.0 -0.0022 -0.0015 -0.0034 -0.0004 -0.0009 -0.0042
605.5 -0.0021 -0.0016 -0.0033 -0.0005 -0.0010 -0.0042
606.0 -0.0025 -0.0017 -0.0035 -0.0010 -0.0012 -0.0045
606.5 -0.0021 -0.0018 -0.0036 -0.0007 -0.0011 -0.0043
607.0 -0.0023 -0.0015 -0.0034 -0.0004 -0.0009 -0.0041
607.5 -0.0021 -0.0016 -0.0034 -0.0005 -0.0009 -0.0043
608.0 -0.0022 -0.0016 -0.0036 -0.0006 -0.0010 -0.0041
608.5 -0.0022 -0.0016 -0.0037 -0.0007 -0.0010 -0.0042
609.0 -0.0022 -0.0018 -0.0034 -0.0005 -0.0010 -0.0040
609.5 -0.0021 -0.0016 -0.0035 -0.0004 -0.0009 -0.0040
610.0 -0.0021 -0.0020 -0.0037 -0.0006 -0.0010 -0.0040
610.5 -0.0021 -0.0020 -0.0036 -0.0008 -0.0010 -0.0040
611.0 -0.0019 -0.0016 -0.0031 -0.0006 -0.0007 -0.0038
611.5 -0.0020 -0.0018 -0.0033 -0.0006 -0.0006 -0.0037
612.0 -0.0020 -0.0016 -0.0036 -0.0006 -0.0006 -0.0040
612.5 -0.0022 -0.0018 -0.0036 -0.0007 -0.0010 -0.0042
613.0 -0.0020 -0.0018 -0.0034 -0.0006 -0.0010 -0.0039
613.5 -0.0019 -0.0020 -0.0037 -0.0007 -0.0009 -0.0041
614.0 -0.0021 -0.0020 -0.0035 -0.0009 -0.0009 -0.0040
614.5 -0.0022 -0.0019 -0.0036 -0.0009 -0.0010 -0.0043
615.0 -0.0021 -0.0020 -0.0035 -0.0007 -0.0009 -0.0038
615.5 -0.0017 -0.0018 -0.0034 -0.0007 -0.0008 -0.0039
616.0 -0.0021 -0.0022 -0.0039 -0.0006 -0.0012 -0.0041
616.5 -0.0020 -0.0021 -0.0035 -0.0007 -0.0010 -0.0039
617.0 -0.0022 -0.0021 -0.0036 -0.0007 -0.0010 -0.0041
617.5 -0.0021 -0.0018 -0.0037 -0.0006 -0.0011 -0.0039
618.0 -0.0020 -0.0018 -0.0036 -0.0009 -0.0011 -0.0039
618.5 -0.0020 -0.0020 -0.0035 -0.0006 -0.0007 -0.0037
619.0 -0.0017 -0.0017 -0.0033 -0.0004 -0.0007 -0.0037
619.5 -0.0019 -0.0020 -0.0037 -0.0008 -0.0010 -0.0039
620.0 -0.0020 -0.0019 -0.0035 -0.0007 -0.0009 -0.0038
620.5 -0.0017 -0.0017 -0.0032 -0.0006 -0.0007 -0.0035
621.0 -0.0018 -0.0020 -0.0037 -0.0005 -0.0008 -0.0037
621.5 -0.0018 -0.0021 -0.0034 -0.0007 -0.0008 -0.0037
622.0 -0.0021 -0.0018 -0.0033 -0.0006 -0.0009 -0.0037
622.5 -0.0017 -0.0019 -0.0035 -0.0006 -0.0007 -0.0039
623.0 -0.0017 -0.0018 -0.0034 -0.0006 -0.0007 -0.0034
623.5 -0.0018 -0.0019 -0.0034 -0.0007 -0.0009 -0.0037
624.0 -0.0018 -0.0021 -0.0035 -0.0005 -0.0008 -0.0038
624.5 -0.0021 -0.0021 -0.0034 -0.0005 -0.0009 -0.0034
625.0 -0.0018 -0.0020 -0.0035 -0.0007 -0.0010 -0.0040
625.5 -0.0017 -0.0018 -0.0034 -0.0007 -0.0008 -0.0037
626.0 -0.0017 -0.0016 -0.0032 -0.0004 -0.0008 -0.0032
626.5 -0.0019 -0.0019 -0.0033 -0.0007 -0.0008 -0.0034
627.0 -0.0019 -0.0020 -0.0034 -0.0007 -0.0011 -0.0034
627.5 -0.0020 -0.0021 -0.0036 -0.0009 -0.0011 -0.0038
628.0 -0.0017 -0.0017 -0.0031 -0.0005 -0.0008 -0.0035
628.5 -0.0019 -0.0018 -0.0031 -0.0007 -0.0008 -0.0035
629.0 -0.0016 -0.0018 -0.0030 -0.0005 -0.0008 -0.0034
629.5 -0.0021 -0.0020 -0.0035 -0.0011 -0.0010 -0.0035
630.0 -0.0017 -0.0018 -0.0035 -0.0007 -0.0009 -0.0035
630.5 -0.0018 -0.0021 -0.0032 -0.0006 -0.0006 -0.0034
631.0 -0.0018 -0.0021 -0.0032 -0.0005 -0.0006 -0.0032
631.5 -0.0019 -0.0019 -0.0032 -0.0008 -0.0007 -0.0037
632.0 -0.0018 -0.0020 -0.0033 -0.0006 -0.0009 -0.0036
632.5 -0.0017 -0.0018 -0.0032 -0.0008 -0.0008 -0.0035
633.0 -0.0016 -0.0018 -0.0032 -0.0005 -0.0009 -0.0037
633.5 -0.0016 -0.0021 -0.0032 -0.0007 -0.0006 -0.0034
634.0 -0.0016 -0.0018 -0.0030 -0.0005 -0.0007 -0.0032
634.5 -0.0018 -0.0020 -0.0034 -0.0005 -0.0008 -0.0033
635.0 -0.0016 -0.0019 -0.0031 -0.0005 -0.0009 -0.0034
635.5 -0.0017 -0.0019 -0.0032 -0.0009 -0.0009 -0.0035
636.0 -0.0016 -0.0021 -0.0031 -0.0006 -0.0008 -0.0033
636.5 -0.0018 -0.0021 -0.0034 -0.0008 -0.0009 -0.0035
637.0 -0.0015 -0.0017 -0.0030 -0.0008 -0.0007 -0.0034
637.5 -0.0016 -0.0018 -0.0030 -0.0007 -0.0008 -0.0031
638.0 -0.0014 -0.0016 -0.0030 -0.0004 -0.0004 -0.0028
638.5 -0.0015 -0.0014 -0.0029 -0.0004 -0.0008 -0.0027
639.0 -0.0015 -0.0018 -0.0027 -0.0005 -0.0006 -0.0031
639.5 -0.0017 -0.0017 -0.0031 -0.0008 -0.0009 -0.0032
640.0 -0.0012 -0.0015 -0.0025 -0.0004 -0.0004 -0.0029
640.5 -0.0016 -0.0016 -0.0027 -0.0005 -0.0006 -0.0029
641.0 -0.0014 -0.0017 -0.0025 -0.0002 -0.0006 -0.0027
641.5 -0.0012 -0.0016 -0.0025 -0.0004 -0.0004 -0.0027
642.0 -0.0012 -0.0016 -0.0026 -0.0004 -0.0003 -0.0024
642.5 -0.0013 -0.0018 -0.0024 -0.0003 -0.0005 -0.0026
643.0 -0.0013 -0.0016 -0.0024 -0.0001 -0.0004 -0.0025
643.5 -0.0011 -0.0017 -0.0023 0.0000 -0.0001 -0.0024
644.0 -0.0011 -0.0016 -0.0021 0.0000 -0.0001 -0.0025
644.5 -0.0013 -0.0015 -0.0020 -0.0002 -0.0001 -0.0021
645.0 -0.0011 -0.0015 -0.0020 0.0001 -0.0003 -0.0023
645.5 -0.0011 -0.0016 -0.0020 0.0000 0.0000 -0.0021
646.0 -0.0010 -0.0014 -0.0020 0.0002 0.0000 -0.0021
646.5 -0.0010 -0.0013 -0.0018 0.0003 -0.0001 -0.0018
647.0 -0.0008 -0.0015 -0.0018 0.0000 -0.0001 -0.0021
647.5 -0.0009 -0.0015 -0.0018 0.0002 0.0000 -0.0019
648.0 -0.0007 -0.0012 -0.0015 0.0004 0.0002 -0.0017
648.5 -0.0009 -0.0011 -0.0016 0.0001 0.0001 -0.0020
649.0 -0.0006 -0.0014 -0.0016 0.0003 0.0003 -0.0019
649.5 -0.0008 -0.0014 -0.0015 0.0002 0.0003 -0.0018
650.0 -0.0006 -0.0011 -0.0014 0.0005 0.0004 -0.0016
650.5 -0.0008 -0.0015 -0.0017 0.0001 0.0002 -0.0019
651.0 -0.0005 -0.0012 -0.0013 0.0002 0.0004 -0.0017
651.5 -0.0009 -0.0013 -0.0015 0.0000 0.0000 -0.0019
652.0 -0.0006 -0.0011 -0.0015 0.0003 0.0001 -0.0017
652.5 -0.0008 -0.0014 -0.0015 0.0000 0.0000 -0.0018
653.0 -0.0007 -0.0012 -0.0016 0.0002 0.0001 -0.0019
653.5 -0.0007 -0.0013 -0.0017 0.0000 0.0001 -0.0018
654.0 -0.0009 -0.0014 -0.0019 0.0000 -0.0001 -0.0019
654.5 -0.0009 -0.0013 -0.0015 0.0000 0.0002 -0.0018
655.0 -0.0012 -0.0016 -0.0017 -0.0002 -0.0005 -0.0023
655.5 -0.0011 -0.0015 -0.0019 -0.0002 -0.0003 -0.0020
656.0 -0.0013 -0.0017 -0.0021 -0.0004 -0.0006 -0.0021
656.5 -0.0008 -0.0011 -0.0017 -0.0002 -0.0002 -0.0022
657.0 -0.0010 -0.0014 -0.0019 -0.0005 -0.0004 -0.0020
657.5 -0.0010 -0.0012 -0.0021 -0.0001 -0.0003 -0.0019
658.0 -0.0013 -0.0016 -0.0020 -0.0005 -0.0006 -0.0022
658.5 -0.0010 -0.0013 -0.0017 -0.0002 -0.0002 -0.0021
659.0 -0.0012 -0.0015 -0.0020 -0.0004 -0.0006 -0.0023
659.5 -0.0012 -0.0014 -0.0022 -0.0006 -0.0006 -0.0022
660.0 -0.0012 -0.0017 -0.0022 -0.0006 -0.0005 -0.0025
660.5 -0.0010 -0.0014 -0.0022 -0.0003 -0.0005 -0.0021
661.0 -0.0013 -0.0014 -0.0019 -0.0003 -0.0004 -0.0021
661.5 -0.0015 -0.0017 -0.0024 -0.0008 -0.0009 -0.0025
662.0 -0.0013 -0.0014 -0.0020 -0.0006 -0.0008 -0.0021
662.5 -0.0015 -0.0015 -0.0023 -0.0005 -0.0008 -0.0025
663.0 -0.0016 -0.0017 -0.0024 -0.0010 -0.0008 -0.0025
663.5 -0.0016 -0.0015 -0.0024 -0.0010 -0.0010 -0.0027
664.0 -0.0015 -0.0018 -0.0027 -0.0012 -0.0012 -0.0028
664.5 -0.0012 -0.0013 -0.0021 -0.0008 -0.0008 -0.0026
665.0 -0.0015 -0.0016 -0.0023 -0.0011 -0.0010 -0.0027
665.5 -0.0008 -0.0011 -0.0020 -0.0006 -0.0006 -0.0022
666.0 -0.0013 -0.0014 -0.0021 -0.0011 -0.0009 -0.0024
666.5 -0.0014 -0.0013 -0.0022 -0.0008 -0.0008 -0.0026
667.0 -0.0015 -0.0014 -0.0022 -0.0009 -0.0008 -0.0021
667.5 -0.0016 -0.0018 -0.0027 -0.0010 -0.0011 -0.0027
668.0 -0.0013 -0.0014 -0.0022 -0.0007 -0.0010 -0.0024
668.5 -0.0012 -0.0015 -0.0022 -0.0010 -0.0008 -0.0023
669.0 -0.0015 -0.0015 -0.0022 -0.0008 -0.0011 -0.0024
669.5 -0.0013 -0.0014 -0.0023 -0.0008 -0.0007 -0.0025
670.0 -0.0015 -0.0013 -0.0023 -0.0010 -0.0009 -0.0027
670.5 -0.0015 -0.0011 -0.0023 -0.0010 -0.0010 -0.0026
671.0 -0.0012 -0.0015 -0.0023 -0.0012 -0.0009 -0.0024
671.5 -0.0014 -0.0014 -0.0024 -0.0010 -0.0011 -0.0023
672.0 -0.0012 -0.0013 -0.0022 -0.0008 -0.0006 -0.0024
672.5 -0.0013 -0.0011 -0.0023 -0.0010 -0.0011 -0.0023
673.0 -0.0012 -0.0011 -0.0022 -0.0008 -0.0010 -0.0025
673.5 -0.0011 -0.0009 -0.0020 -0.0007 -0.0009 -0.0020
674.0 -0.0015 -0.0011 -0.0025 -0.0008 -0.0010 -0.0023
674.5 -0.0015 -0.0015 -0.0024 -0.0013 -0.0011 -0.0026
675.0 -0.0020 -0.0016 -0.0025 -0.0013 -0.0015 -0.0027
675.5 -0.0016 -0.0012 -0.0021 -0.0011 -0.0014 -0.0026
676.0 -0.0012 -0.0014 -0.0021 -0.0012 -0.0010 -0.0022
676.5 -0.0014 -0.0013 -0.0022 -0.0011 -0.0010 -0.0021
677.0 -0.0014 -0.0013 -0.0022 -0.0013 -0.0013 -0.0027
677.5 -0.0014 -0.0012 -0.0022 -0.0010 -0.0013 -0.0026
678.0 -0.0013 -0.0013 -0.0019 -0.0013 -0.0007 -0.0024
678.5 -0.0015 -0.0012 -0.0021 -0.0010 -0.0010 -0.0021
679.0 -0.0011 -0.0011 -0.0017 -0.0009 -0.0009 -0.0023
679.5 -0.0008 -0.0006 -0.0016 -0.0009 -0.0007 -0.0019
680.0 -0.0012 -0.0008 -0.0013 -0.0007 -0.0008 -0.0020
680.5 -0.0014 -0.0012 -0.0019 -0.0008 -0.0005 -0.0021
681.0 -0.0013 -0.0007 -0.0013 -0.0007 -0.0008 -0.0016
681.5 -0.0011 -0.0010 -0.0015 -0.0011 -0.0010 -0.0020
682.0 -0.0015 -0.0012 -0.0021 -0.0012 -0.0011 -0.0025
682.5 -0.0017 -0.0014 -0.0022 -0.0013 -0.0014 -0.0023
683.0 -0.0013 -0.0009 -0.0020 -0.0009 -0.0010 -0.0019
683.5 -0.0014 -0.0007 -0.0015 -0.0010 -0.0008 -0.0021
684.0 -0.0014 -0.0009 -0.0013 -0.0013 -0.0007 -0.0020
684.5 -0.0016 -0.0008 -0.0018 -0.0011 -0.0011 -0.0021
685.0 -0.0010 -0.0008 -0.0015 -0.0009 -0.0010 -0.0019
685.5 -0.0012 -0.0006 -0.0015 -0.0009 -0.0008 -0.0017
686.0 -0.0013 -0.0012 -0.0017 -0.0014 -0.0011 -0.0020
686.5 -0.0014 -0.0008 -0.0014 -0.0010 -0.0009 -0.0017
687.0 -0.0010 -0.0003 -0.0015 -0.0008 -0.0004 -0.0019
687.5 -0.0009 -0.0010 -0.0015 -0.0010 -0.0008 -0.0017
688.0 -0.0011 -0.0008 -0.0017 -0.0009 -0.0010 -0.0016
688.5 -0.0012 -0.0007 -0.0017 -0.0010 -0.0008 -0.0017
689.0 -0.0011 -0.0014 -0.0015 -0.0012 -0.0009 -0.0020
689.5 -0.0010 -0.0009 -0.0013 -0.0012 -0.0007 -0.0017
690.0 -0.0009 -0.0006 -0.0012 -0.0010 -0.0006 -0.0017
690.5 -0.0012 -0.0011 -0.0015 -0.0013 -0.0011 -0.0017
691.0 -0.0013 -0.0010 -0.0017 -0.0011 -0.0009 -0.0015
691.5 -0.0011 -0.0009 -0.0016 -0.0009 -0.0010 -0.0018
692.0 -0.0008 -0.0005 -0.0014 -0.0009 -0.0009 -0.0015
692.5 -0.0013 -0.0005 -0.0014 -0.0011 -0.0012 -0.0016
693.0 -0.0011 -0.0006 -0.0014 -0.0010 -0.0011 -0.0015
693.5 -0.0013 -0.0008 -0.0017 -0.0013 -0.0008 -0.0016
694.0 -0.0011 -0.0005 -0.0010 -0.0010 -0.0009 -0.0013
694.5 -0.0010 -0.0003 -0.0015 -0.0010 -0.0008 -0.0015
695.0 -0.0009 -0.0005 -0.0010 -0.0009 -0.0007 -0.0013
695.5 -0.0008 -0.0006 -0.0008 -0.0010 -0.0009 -0.0014
696.0 -0.0006 -0.0003 -0.0010 -0.0007 -0.0005 -0.0010
696.5 -0.0004 -0.0004 -0.0004 -0.0005 -0.0003 -0.0008
697.0 -0.0004 -0.0002 -0.0005 -0.0008 -0.0003 -0.0007
697.5 -0.0002 -0.0004 -0.0001 -0.0004 0.0000 -0.0006
698.0 -0.0007 -0.0004 -0.0005 -0.0006 -0.0006 -0.0007
698.5 -0.0005 -0.0001 -0.0002 -0.0003 0.0001 -0.0003
699.0 -0.0002 -0.0001 -0.0001 -0.0001 0.0002 0.0000
699.5 -0.0001 0.0001 0.0002 -0.0001 0.0002 0.0000
700.0 0.0000 0.0002 0.0001 0.0001 0.0001 0.0001
