Wavelength_nm 0 25 50 100 150 200 250 300 400
300.0 0.0251 0.0251 0.9663 1.7984 2.6282 3.4118 4.1671 4.7198 4.8017
300.5 0.0235 0.0235 0.9585 1.7889 2.6061 3.4078 3.9981 4.9629 4.5857
301.0 0.0230 0.0230 0.9544 1.7782 2.5808 3.3825 4.0527 4.6943 4.5945
301.5 0.0242 0.0242 0.9465 1.7637 2.5629 3.3274 3.9737 4.6563 4.5699
302.0 0.0224 0.0224 0.9385 1.7466 2.5419 3.3099 3.9625 4.5792 4.5775
302.5 0.0218 0.0218 0.9307 1.7300 2.5311 3.3059 3.9504 4.8153 4.6885
303.0 0.0211 0.0211 0.9223 1.7171 2.4954 3.2688 3.9163 4.7733 4.7030
303.5 0.0221 0.0221 0.9130 1.6992 2.4738 3.2425 3.8799 4.8059 4.5956
304.0 0.0215 0.0215 0.9041 1.6788 2.4361 3.1931 3.8457 4.6999 4.6459
304.5 0.0206 0.0206 0.8934 1.6586 2.4106 3.1563 3.7993 4.5669 4.6224
305.0 0.0205 0.0205 0.8810 1.6371 2.3877 3.1233 3.6995 4.6570 4.5163
305.5 0.0208 0.0208 0.8684 1.6155 2.3529 3.0593 3.7593 4.6775 4.5503
306.0 0.0219 0.0219 0.8566 1.5978 2.3191 3.0382 3.6308 4.7408 4.5159
306.5 0.0212 0.0212 0.8448 1.5753 2.2893 2.9887 3.6005 4.6078 4.5741
307.0 0.0207 0.0207 0.8322 1.5499 2.2515 2.9442 3.5439 4.5094 4.4883
307.5 0.0199 0.0199 0.8217 1.5251 2.2196 2.8928 3.4872 4.5538 4.4658
308.0 0.0207 0.0207 0.8076 1.5059 2.1824 2.8558 3.4175 4.5012 4.4094
308.5 0.0205 0.0205 0.7960 1.4812 2.1520 2.7975 3.3821 4.3537 4.3650
309.0 0.0211 0.0211 0.7827 1.4541 2.1157 2.7727 3.3260 4.5455 4.2928
309.5 0.0203 0.0203 0.7706 1.4307 2.0796 2.7310 3.2694 4.3906 4.2357
310.0 0.0202 0.0202 0.7570 1.4073 2.0454 2.6863 3.2367 4.3030 4.1668
310.5 0.0192 0.0192 0.7457 1.3842 2.0126 2.6389 3.1603 4.2070 4.0806
311.0 0.0194 0.0194 0.7337 1.3613 1.9844 2.5881 3.1169 4.2890 4.1007
311.5 0.0203 0.0203 0.7225 1.3393 1.9444 2.5390 3.0711 0.9921 3.9815
312.0 0.0211 0.0211 0.7109 1.3216 1.9153 2.5060 3.0026 2.2452 3.9213
312.5 0.0186 0.0186 0.6993 1.2967 1.8796 2.4645 2.9724 1.9500 3.8230
313.0 0.0196 0.0196 0.6860 1.2793 1.8530 2.4209 2.9067 -0.2966 3.8415
313.5 0.0210 0.0210 0.6779 1.2562 1.8223 2.3843 2.8505 -0.3127 3.7676
314.0 0.0189 0.0189 0.6658 1.2346 1.7896 2.3366 2.8298 -0.2969 3.6930
314.5 0.0182 0.0182 0.6546 1.2145 1.7671 2.2957 2.7821 -0.3044 3.6296
315.0 0.0199 0.0199 0.6423 1.1939 1.7360 2.2671 2.7259 -0.3015 3.5450
315.5 0.0187 0.0187 0.6351 1.1773 1.7055 2.2272 2.6752 -0.2975 3.5285
316.0 0.0186 0.0186 0.6243 1.1545 1.6808 2.1922 2.6389 -0.2951 3.4808
316.5 0.0191 0.0191 0.6119 1.1366 1.6481 2.1567 2.5845 -0.2893 3.3765
317.0 0.0190 0.0190 0.6007 1.1155 1.6255 2.1152 2.5572 -0.2863 3.3638
317.5 0.0182 0.0182 0.5920 1.0952 1.5870 2.0775 2.5152 -0.2804 3.3117
318.0 0.0187 0.0187 0.5800 1.0747 1.5610 2.0435 2.4602 -0.2796 3.2263
318.5 0.0168 0.0168 0.5684 1.0526 1.5303 1.9978 2.4123 -0.2797 3.1810
319.0 0.0173 0.0173 0.5570 1.0338 1.5003 1.9607 2.3742 -0.2789 3.1478
319.5 0.0180 0.0180 0.5458 1.0116 1.4667 1.9195 2.3263 -0.2773 3.0559
320.0 0.0183 0.0183 0.5335 0.9886 1.4330 1.8815 2.2667 -0.2705 2.9771
320.5 0.0181 0.0181 0.5235 0.9674 1.4018 1.8354 2.2123 -0.2715 2.9203
321.0 0.0175 0.0175 0.5090 0.9447 1.3694 1.7893 2.1643 -0.2662 2.8577
321.5 0.0159 0.0159 0.4961 0.9201 1.3373 1.7485 2.1185 -0.2645 2.7916
322.0 0.0164 0.0164 0.4840 0.8988 1.3014 1.7013 2.0526 -0.2604 2.7127
322.5 0.0183 0.0183 0.4730 0.8762 1.2689 1.6624 2.0053 -0.2594 2.6454
323.0 0.0161 0.0161 0.4588 0.8486 1.2281 1.6094 1.9458 -10.0000 2.5729
323.5 0.0175 0.0175 0.4502 0.8279 1.1973 1.5710 1.8924 2.1647 2.4888
324.0 0.0166 0.0166 0.4388 0.8021 1.1660 1.5267 1.8389 2.1055 2.4270
324.5 0.0165 0.0165 0.4254 0.7797 1.1295 1.4829 1.7773 2.0512 2.3417
325.0 0.0161 0.0161 0.4114 0.7557 1.0935 1.4401 1.7251 1.9866 2.2794
325.5 0.0162 0.0162 0.3996 0.7323 1.0611 1.3955 1.6751 1.9207 2.2091
326.0 0.0160 0.0160 0.3885 0.7112 1.0310 1.3540 1.6260 1.8634 2.1466
326.5 0.0169 0.0169 0.3777 0.6917 0.9987 1.3111 1.5750 1.8070 2.0813
327.0 0.0160 0.0160 0.3658 0.6705 0.9699 1.2733 1.5353 1.7586 2.0248
327.5 0.0162 0.0162 0.3579 0.6537 0.9443 1.2407 1.4902 1.7126 1.9666
328.0 0.0166 0.0166 0.3477 0.6358 0.9198 1.2056 1.4526 1.6707 1.9173
328.5 0.0166 0.0166 0.3400 0.6214 0.8970 1.1756 1.4149 1.6259 1.8677
329.0 0.0158 0.0158 0.3312 0.6040 0.8724 1.1455 1.3808 1.5853 1.8215
329.5 0.0153 0.0153 0.3232 0.5914 0.8528 1.1201 1.3468 1.5457 1.7793
330.0 0.0151 0.0151 0.3168 0.5782 0.8356 1.0952 1.3148 1.5108 1.7365
330.5 0.0155 0.0155 0.3106 0.5663 0.8173 1.0701 1.2880 1.4788 1.6979
331.0 0.0157 0.0157 0.3037 0.5533 0.8006 1.0483 1.2595 1.4476 1.6595
331.5 0.0156 0.0156 0.2974 0.5429 0.7823 1.0292 1.2338 1.4178 1.6305
332.0 0.0158 0.0158 0.2915 0.5308 0.7673 1.0055 1.2080 1.3864 1.5930
332.5 0.0144 0.0144 0.2853 0.5203 0.7514 0.9847 1.1833 1.3579 1.5585
333.0 0.0141 0.0141 0.2791 0.5093 0.7354 0.9650 1.1566 1.3283 1.5293
333.5 0.0149 0.0149 0.2739 0.4990 0.7189 0.9446 1.1318 1.3014 1.4949
334.0 0.0147 0.0147 0.2680 0.4882 0.7046 0.9240 1.1108 1.2700 1.4623
334.5 0.0144 0.0144 0.2619 0.4762 0.6877 0.9031 1.0854 1.2412 1.4298
335.0 0.0138 0.0138 0.2548 0.4639 0.6701 0.8797 1.0579 1.2120 1.3920
335.5 0.0138 0.0138 0.2487 0.4529 0.6535 0.8586 1.0309 1.1804 1.3577
336.0 0.0144 0.0144 0.2429 0.4417 0.6363 0.8359 1.0056 1.1496 1.3217
336.5 0.0142 0.0142 0.2371 0.4296 0.6204 0.8138 0.9773 1.1183 1.2864
337.0 0.0141 0.0141 0.2315 0.4183 0.6024 0.7907 0.9522 1.0894 1.2524
337.5 0.0136 0.0136 0.2230 0.4054 0.5844 0.7665 0.9219 1.0552 1.2126
338.0 0.0137 0.0137 0.2179 0.3945 0.5674 0.7445 0.8936 1.0237 1.1760
338.5 0.0136 0.0136 0.2117 0.3821 0.5503 0.7216 0.8663 0.9915 1.1425
339.0 0.0137 0.0137 0.2057 0.3718 0.5335 0.6999 0.8389 0.9610 1.1066
339.5 0.0141 0.0141 0.1987 0.3601 0.5177 0.6772 0.8124 0.9312 1.0695
340.0 0.0136 0.0136 0.1938 0.3490 0.5004 0.6556 0.7867 0.8998 1.0355
340.5 0.0131 0.0131 0.1876 0.3372 0.4846 0.6366 0.7625 0.8718 1.0031
341.0 0.0129 0.0129 0.1811 0.3273 0.4709 0.6170 0.7396 0.8426 0.9700
341.5 0.0131 0.0131 0.1766 0.3169 0.4562 0.5980 0.7150 0.8173 0.9403
342.0 0.0125 0.0125 0.1714 0.3076 0.4441 0.5806 0.6957 0.7930 0.9128
342.5 0.0128 0.0128 0.1673 0.2990 0.4315 0.5646 0.6755 0.7708 0.8867
343.0 0.0132 0.0132 0.1634 0.2914 0.4198 0.5492 0.6578 0.7505 0.8629
343.5 0.0128 0.0128 0.1582 0.2843 0.4087 0.5342 0.6406 0.7311 0.8390
344.0 0.0122 0.0122 0.1550 0.2763 0.3983 0.5207 0.6257 0.7126 0.8194
344.5 0.0125 0.0125 0.1510 0.2701 0.3890 0.5094 0.6103 0.6961 0.8005
345.0 0.0118 0.0118 0.1480 0.2650 0.3816 0.4984 0.5976 0.6818 0.7845
345.5 0.0118 0.0118 0.1453 0.2610 0.3744 0.4892 0.5867 0.6697 0.7696
346.0 0.0124 0.0124 0.1433 0.2559 0.3669 0.4803 0.5752 0.6568 0.7548
346.5 0.0118 0.0118 0.1407 0.2517 0.3620 0.4724 0.5663 0.6462 0.7426
347.0 0.0124 0.0124 0.1389 0.2482 0.3547 0.4637 0.5562 0.6351 0.7308
347.5 0.0117 0.0117 0.1369 0.2439 0.3498 0.4567 0.5481 0.6255 0.7197
348.0 0.0116 0.0116 0.1346 0.2402 0.3443 0.4499 0.5400 0.6162 0.7080
348.5 0.0117 0.0117 0.1330 0.2369 0.3392 0.4435 0.5313 0.6068 0.6979
349.0 0.0120 0.0120 0.1315 0.2328 0.3345 0.4368 0.5230 0.5976 0.6877
349.5 0.0121 0.0121 0.1284 0.2294 0.3281 0.4290 0.5145 0.5872 0.6744
350.0 0.0113 0.0113 0.1269 0.2246 0.3219 0.4216 0.5056 0.5763 0.6634
350.5 0.0117 0.0117 0.1237 0.2201 0.3160 0.4136 0.4957 0.5653 0.6504
351.0 0.0117 0.0117 0.1211 0.2156 0.3090 0.4050 0.4857 0.5529 0.6371
351.5 0.0116 0.0116 0.1183 0.2109 0.3011 0.3945 0.4741 0.5402 0.6227
352.0 0.0114 0.0114 0.1155 0.2054 0.2938 0.3853 0.4626 0.5278 0.6073
352.5 0.0115 0.0115 0.1129 0.1995 0.2868 0.3746 0.4508 0.5143 0.5914
353.0 0.0105 0.0105 0.1088 0.1936 0.2769 0.3631 0.4367 0.4988 0.5748
353.5 0.0112 0.0112 0.1056 0.1869 0.2682 0.3510 0.4218 0.4836 0.5564
354.0 0.0110 0.0110 0.1027 0.1810 0.2589 0.3397 0.4082 0.4674 0.5393
354.5 0.0112 0.0112 0.0987 0.1746 0.2482 0.3255 0.3928 0.4499 0.5195
355.0 0.0103 0.0103 0.0953 0.1670 0.2384 0.3123 0.3773 0.4319 0.4983
355.5 0.0107 0.0107 0.0917 0.1610 0.2281 0.2992 0.3610 0.4135 0.4786
356.0 0.0114 0.0114 0.0873 0.1532 0.2181 0.2848 0.3443 0.3949 0.4566
356.5 0.0101 0.0101 0.0829 0.1451 0.2072 0.2716 0.3267 0.3754 0.4353
357.0 0.0106 0.0106 0.0787 0.1384 0.1966 0.2575 0.3119 0.3567 0.4131
357.5 0.0112 0.0112 0.0753 0.1308 0.1866 0.2450 0.2964 0.3387 0.3920
358.0 0.0101 0.0101 0.0718 0.1233 0.1764 0.2314 0.2808 0.3208 0.3718
358.5 0.0108 0.0108 0.0681 0.1161 0.1663 0.2186 0.2658 0.3025 0.3517
359.0 0.0113 0.0113 0.0634 0.1095 0.1561 0.2048 0.2502 0.2859 0.3329
359.5 0.0109 0.0109 0.0592 0.1023 0.1463 0.1912 0.2352 0.2692 0.3135
360.0 0.0101 0.0101 0.0556 0.0957 0.1365 0.1790 0.2199 0.2525 0.2949
360.5 0.0099 0.0099 0.0524 0.0890 0.1279 0.1669 0.2060 0.2367 0.2775
361.0 0.0103 0.0103 0.0493 0.0840 0.1186 0.1559 0.1933 0.2234 0.2619
361.5 0.0094 0.0094 0.0461 0.0778 0.1103 0.1450 0.1797 0.2088 0.2442
362.0 0.0098 0.0098 0.0429 0.0724 0.1028 0.1350 0.1678 0.1947 0.2289
362.5 0.0099 0.0099 0.0399 0.0674 0.0950 0.1251 0.1568 0.1818 0.2146
363.0 0.0091 0.0091 0.0375 0.0622 0.0878 0.1152 0.1456 0.1703 0.2000
363.5 0.0087 0.0087 0.0352 0.0571 0.0811 0.1071 0.1350 0.1580 0.1871
364.0 0.0091 0.0091 0.0326 0.0531 0.0753 0.0999 0.1269 0.1474 0.1756
364.5 0.0080 0.0080 0.0298 0.0492 0.0704 0.0924 0.1183 0.1374 0.1650
365.0 0.0084 0.0084 0.0281 0.0455 0.0642 0.0854 0.1100 0.1295 0.1543
365.5 0.0080 0.0080 0.0258 0.0423 0.0586 0.0791 0.1026 0.1209 0.1455
366.0 0.0075 0.0075 0.0245 0.0383 0.0544 0.0730 0.0963 0.1140 0.1375
366.5 0.0083 0.0083 0.0228 0.0358 0.0507 0.0680 0.0902 0.1071 0.1304
367.0 0.0077 0.0077 0.0207 0.0332 0.0463 0.0625 0.0849 0.1009 0.1237
367.5 0.0073 0.0073 0.0190 0.0305 0.0425 0.0590 0.0794 0.0962 0.1169
368.0 0.0073 0.0073 0.0182 0.0282 0.0397 0.0542 0.0746 0.0908 0.1125
368.5 0.0072 0.0072 0.0174 0.0258 0.0367 0.0507 0.0710 0.0864 0.1071
369.0 0.0064 0.0064 0.0159 0.0232 0.0338 0.0466 0.0667 0.0816 0.1026
369.5 0.0062 0.0062 0.0146 0.0214 0.0315 0.0441 0.0632 0.0790 0.0983
370.0 0.0049 0.0049 0.0129 0.0200 0.0285 0.0407 0.0604 0.0748 0.0942
370.5 0.0055 0.0055 0.0123 0.0183 0.0268 0.0389 0.0582 0.0725 0.0924
371.0 0.0051 0.0051 0.0115 0.0167 0.0248 0.0358 0.0548 0.0700 0.0895
371.5 0.0044 0.0044 0.0098 0.0158 0.0229 0.0339 0.0525 0.0677 0.0867
372.0 0.0040 0.0040 0.0088 0.0147 0.0208 0.0320 0.0514 0.0650 0.0853
372.5 0.0043 0.0043 0.0091 0.0137 0.0210 0.0312 0.0496 0.0642 0.0839
373.0 0.0036 0.0036 0.0076 0.0125 0.0190 0.0290 0.0483 0.0632 0.0825
373.5 0.0038 0.0038 0.0076 0.0117 0.0180 0.0280 0.0471 0.0618 0.0820
374.0 0.0038 0.0038 0.0068 0.0108 0.0168 0.0268 0.0461 0.0613 0.0810
374.5 0.0030 0.0030 0.0061 0.0102 0.0161 0.0260 0.0451 0.0609 0.0812
375.0 0.0025 0.0025 0.0061 0.0094 0.0153 0.0254 0.0447 0.0604 0.0808
375.5 0.0019 0.0019 0.0050 0.0085 0.0141 0.0243 0.0438 0.0597 0.0808
376.0 0.0025 0.0025 0.0053 0.0089 0.0139 0.0240 0.0445 0.0604 0.0812
376.5 0.0017 0.0017 0.0043 0.0074 0.0129 0.0231 0.0436 0.0598 0.0815
377.0 0.0019 0.0019 0.0039 0.0074 0.0130 0.0229 0.0438 0.0605 0.0823
377.5 0.0020 0.0020 0.0040 0.0069 0.0127 0.0230 0.0444 0.0617 0.0833
378.0 0.0012 0.0012 0.0031 0.0065 0.0120 0.0223 0.0440 0.0616 0.0835
378.5 0.0012 0.0012 0.0029 0.0060 0.0115 0.0228 0.0445 0.0620 0.0843
379.0 0.0006 0.0006 0.0030 0.0059 0.0118 0.0222 0.0448 0.0624 0.0859
379.5 0.0008 0.0008 0.0027 0.0060 0.0113 0.0222 0.0448 0.0637 0.0872
380.0 0.0008 0.0008 0.0021 0.0058 0.0116 0.0228 0.0454 0.0645 0.0888
380.5 0.0003 0.0003 0.0024 0.0057 0.0109 0.0224 0.0459 0.0653 0.0894
381.0 -0.0001 -0.0001 0.0017 0.0052 0.0109 0.0222 0.0463 0.0661 0.0908
381.5 0.0002 0.0002 0.0024 0.0059 0.0114 0.0228 0.0471 0.0677 0.0926
382.0 0.0004 0.0004 0.0020 0.0053 0.0113 0.0230 0.0481 0.0691 0.0947
382.5 -0.0002 -0.0002 0.0017 0.0055 0.0113 0.0231 0.0489 0.0700 0.0965
383.0 -0.0002 -0.0002 0.0020 0.0053 0.0114 0.0238 0.0497 0.0711 0.0982
383.5 -0.0004 -0.0004 0.0023 0.0055 0.0116 0.0240 0.0505 0.0727 0.0999
384.0 -0.0002 -0.0002 0.0017 0.0050 0.0113 0.0242 0.0514 0.0734 0.1017
384.5 -0.0005 -0.0005 0.0015 0.0048 0.0114 0.0244 0.0521 0.0755 0.1035
385.0 -0.0007 -0.0007 0.0019 0.0056 0.0119 0.0254 0.0533 0.0767 0.1055
385.5 -0.0002 -0.0002 0.0018 0.0053 0.0121 0.0256 0.0543 0.0783 0.1081
386.0 -0.0004 -0.0004 0.0013 0.0055 0.0119 0.0257 0.0546 0.0797 0.1100
386.5 -0.0004 -0.0004 0.0015 0.0055 0.0119 0.0263 0.0558 0.0816 0.1119
387.0 -0.0009 -0.0009 0.0013 0.0055 0.0122 0.0267 0.0573 0.0829 0.1141
387.5 -0.0004 -0.0004 0.0016 0.0058 0.0127 0.0272 0.0579 0.0849 0.1169
388.0 -0.0008 -0.0008 0.0011 0.0051 0.0126 0.0274 0.0592 0.0868 0.1185
388.5 -0.0010 -0.0010 0.0015 0.0055 0.0127 0.0278 0.0601 0.0877 0.1210
389.0 -0.0008 -0.0008 0.0012 0.0057 0.0128 0.0283 0.0610 0.0896 0.1232
389.5 -0.0006 -0.0006 0.0013 0.0059 0.0130 0.0291 0.0624 0.0913 0.1258
390.0 -0.0010 -0.0010 0.0011 0.0054 0.0132 0.0294 0.0636 0.0932 0.1285
390.5 -0.0011 -0.0011 0.0016 0.0060 0.0135 0.0302 0.0649 0.0952 0.1310
391.0 -0.0012 -0.0012 0.0016 0.0062 0.0138 0.0309 0.0659 0.0969 0.1330
391.5 -0.0004 -0.0004 0.0013 0.0063 0.0141 0.0316 0.0672 0.0988 0.1357
392.0 -0.0014 -0.0014 0.0006 0.0058 0.0139 0.0312 0.0679 0.0998 0.1377
392.5 -0.0014 -0.0014 0.0008 0.0064 0.0142 0.0322 0.0694 0.1023 0.1406
393.0 -0.0014 -0.0014 0.0010 0.0067 0.0147 0.0328 0.0707 0.1043 0.1434
393.5 -0.0013 -0.0013 0.0013 0.0064 0.0149 0.0333 0.0716 0.1061 0.1459
394.0 -0.0016 -0.0016 0.0011 0.0065 0.0147 0.0340 0.0732 0.1082 0.1482
394.5 -0.0018 -0.0018 0.0010 0.0067 0.0149 0.0343 0.0740 0.1097 0.1510
395.0 -0.0015 -0.0015 0.0010 0.0069 0.0157 0.0354 0.0760 0.1122 0.1538
395.5 -0.0018 -0.0018 0.0007 0.0065 0.0157 0.0354 0.0769 0.1137 0.1565
396.0 -0.0016 -0.0016 0.0013 0.0068 0.0160 0.0364 0.0781 0.1162 0.1592
396.5 -0.0017 -0.0017 0.0008 0.0073 0.0162 0.0366 0.0795 0.1180 0.1624
397.0 -0.0018 -0.0018 0.0008 0.0071 0.0165 0.0373 0.0810 0.1201 0.1645
397.5 -0.0018 -0.0018 0.0008 0.0072 0.0170 0.0381 0.0820 0.1222 0.1676
398.0 -0.0021 -0.0021 0.0008 0.0074 0.0172 0.0385 0.0837 0.1236 0.1695
398.5 -0.0022 -0.0022 0.0007 0.0072 0.0172 0.0391 0.0850 0.1258 0.1725
399.0 -0.0018 -0.0018 0.0010 0.0078 0.0175 0.0397 0.0861 0.1278 0.1755
399.5 -0.0020 -0.0020 0.0010 0.0073 0.0179 0.0404 0.0873 0.1299 0.1781
400.0 -0.0023 -0.0023 0.0006 0.0077 0.0178 0.0409 0.0885 0.1320 0.1804
400.5 -0.0020 -0.0020 0.0008 0.0079 0.0182 0.0416 0.0898 0.1339 0.1830
401.0 -0.0019 -0.0019 0.0011 0.0083 0.0183 0.0424 0.0911 0.1358 0.1861
401.5 -0.0018 -0.0018 0.0014 0.0085 0.0189 0.0434 0.0927 0.1378 0.1889
402.0 -0.0021 -0.0021 0.0009 0.0082 0.0187 0.0434 0.0939 0.1401 0.1918
402.5 -0.0019 -0.0019 0.0009 0.0083 0.0192 0.0442 0.0954 0.1421 0.1946
403.0 -0.0020 -0.0020 0.0008 0.0086 0.0196 0.0447 0.0965 0.1441 0.1975
403.5 -0.0019 -0.0019 0.0011 0.0087 0.0200 0.0456 0.0979 0.1464 0.2002
404.0 -0.0021 -0.0021 0.0006 0.0088 0.0198 0.0458 0.0989 0.1480 0.2025
404.5 -0.0024 -0.0024 0.0007 0.0089 0.0202 0.0461 0.1003 0.1496 0.2055
405.0 -0.0020 -0.0020 0.0012 0.0091 0.0210 0.0476 0.1020 0.1520 0.2082
405.5 -0.0025 -0.0025 0.0011 0.0092 0.0209 0.0478 0.1033 0.1539 0.2108
406.0 -0.0025 -0.0025 0.0008 0.0094 0.0211 0.0486 0.1044 0.1559 0.2134
406.5 -0.0023 -0.0023 0.0013 0.0097 0.0214 0.0492 0.1054 0.1578 0.2160
407.0 -0.0026 -0.0026 0.0007 0.0093 0.0214 0.0493 0.1070 0.1596 0.2185
407.5 -0.0024 -0.0024 0.0009 0.0098 0.0219 0.0504 0.1081 0.1619 0.2214
408.0 -0.0026 -0.0026 0.0014 0.0098 0.0223 0.0509 0.1097 0.1639 0.2241
408.5 -0.0028 -0.0028 0.0009 0.0099 0.0228 0.0513 0.1108 0.1659 0.2267
409.0 -0.0024 -0.0024 0.0009 0.0099 0.0230 0.0522 0.1120 0.1676 0.2292
409.5 -0.0025 -0.0025 0.0008 0.0101 0.0226 0.0525 0.1129 0.1695 0.2320
410.0 -0.0025 -0.0025 0.0011 0.0104 0.0235 0.0534 0.1148 0.1716 0.2347
410.5 -0.0024 -0.0024 0.0009 0.0106 0.0236 0.0538 0.1156 0.1731 0.2373
411.0 -0.0022 -0.0022 0.0011 0.0107 0.0236 0.0545 0.1168 0.1754 0.2397
411.5 -0.0027 -0.0027 0.0009 0.0108 0.0240 0.0548 0.1180 0.1772 0.2424
412.0 -0.0028 -0.0028 0.0010 0.0108 0.0243 0.0552 0.1194 0.1791 0.2445
412.5 -0.0027 -0.0027 0.0010 0.0108 0.0246 0.0562 0.1205 0.1807 0.2474
413.0 -0.0030 -0.0030 0.0010 0.0110 0.0249 0.0567 0.1220 0.1828 0.2499
413.5 -0.0032 -0.0032 0.0008 0.0109 0.0248 0.0568 0.1225 0.1840 0.2519
414.0 -0.0028 -0.0028 0.0012 0.0113 0.0255 0.0578 0.1239 0.1861 0.2545
414.5 -0.0031 -0.0031 0.0010 0.0114 0.0255 0.0581 0.1250 0.1879 0.2569
415.0 -0.0030 -0.0030 0.0013 0.0117 0.0259 0.0590 0.1265 0.1898 0.2596
415.5 -0.0028 -0.0028 0.0012 0.0118 0.0263 0.0595 0.1274 0.1913 0.2619
416.0 -0.0029 -0.0029 0.0010 0.0117 0.0261 0.0597 0.1280 0.1930 0.2636
416.5 -0.0026 -0.0026 0.0019 0.0125 0.0269 0.0603 0.1298 0.1951 0.2664
417.0 -0.0025 -0.0025 0.0018 0.0123 0.0271 0.0612 0.1310 0.1963 0.2684
417.5 -0.0025 -0.0025 0.0019 0.0130 0.0274 0.0619 0.1324 0.1986 0.2708
418.0 -0.0028 -0.0028 0.0016 0.0123 0.0272 0.0619 0.1332 0.1995 0.2728
418.5 -0.0027 -0.0027 0.0013 0.0127 0.0278 0.0625 0.1341 0.2012 0.2755
419.0 -0.0026 -0.0026 0.0020 0.0128 0.0278 0.0631 0.1351 0.2033 0.2776
419.5 -0.0023 -0.0023 0.0021 0.0132 0.0284 0.0638 0.1365 0.2053 0.2801
420.0 -0.0026 -0.0026 0.0018 0.0133 0.0283 0.0643 0.1375 0.2067 0.2819
420.5 -0.0024 -0.0024 0.0020 0.0132 0.0286 0.0646 0.1384 0.2083 0.2841
421.0 -0.0028 -0.0028 0.0019 0.0135 0.0285 0.0653 0.1396 0.2096 0.2860
421.5 -0.0028 -0.0028 0.0014 0.0133 0.0291 0.0653 0.1405 0.2111 0.2880
422.0 -0.0027 -0.0027 0.0020 0.0137 0.0296 0.0663 0.1417 0.2127 0.2905
422.5 -0.0028 -0.0028 0.0019 0.0138 0.0292 0.0664 0.1422 0.2142 0.2920
423.0 -0.0027 -0.0027 0.0018 0.0136 0.0295 0.0666 0.1433 0.2150 0.2939
423.5 -0.0029 -0.0029 0.0017 0.0137 0.0297 0.0671 0.1438 0.2166 0.2959
424.0 -0.0030 -0.0030 0.0019 0.0141 0.0301 0.0675 0.1452 0.2183 0.2978
424.5 -0.0032 -0.0032 0.0017 0.0136 0.0296 0.0679 0.1458 0.2197 0.2995
425.0 -0.0031 -0.0031 0.0018 0.0140 0.0303 0.0686 0.1471 0.2211 0.3019
425.5 -0.0032 -0.0032 0.0019 0.0138 0.0303 0.0687 0.1474 0.2223 0.3036
426.0 -0.0029 -0.0029 0.0019 0.0144 0.0311 0.0697 0.1489 0.2239 0.3057
426.5 -0.0027 -0.0027 0.0021 0.0145 0.0311 0.0700 0.1499 0.2252 0.3074
427.0 -0.0029 -0.0029 0.0022 0.0145 0.0312 0.0703 0.1507 0.2269 0.3094
427.5 -0.0028 -0.0028 0.0019 0.0146 0.0313 0.0705 0.1516 0.2282 0.3110
428.0 -0.0030 -0.0030 0.0021 0.0150 0.0315 0.0709 0.1526 0.2296 0.3129
428.5 -0.0027 -0.0027 0.0022 0.0152 0.0322 0.0719 0.1533 0.2311 0.3152
429.0 -0.0027 -0.0027 0.0022 0.0151 0.0321 0.0721 0.1545 0.2324 0.3169
429.5 -0.0032 -0.0032 0.0020 0.0152 0.0319 0.0724 0.1551 0.2334 0.3186
430.0 -0.0031 -0.0031 0.0019 0.0152 0.0319 0.0726 0.1559 0.2346 0.3202
430.5 -0.0029 -0.0029 0.0021 0.0151 0.0325 0.0733 0.1569 0.2359 0.3223
431.0 -0.0034 -0.0034 0.0019 0.0149 0.0325 0.0732 0.1573 0.2369 0.3234
431.5 -0.0030 -0.0030 0.0020 0.0153 0.0327 0.0738 0.1581 0.2388 0.3251
432.0 -0.0027 -0.0027 0.0023 0.0157 0.0328 0.0742 0.1593 0.2399 0.3268
432.5 -0.0031 -0.0031 0.0022 0.0154 0.0327 0.0743 0.1597 0.2405 0.3283
433.0 -0.0032 -0.0032 0.0019 0.0153 0.0330 0.0747 0.1602 0.2417 0.3300
433.5 -0.0033 -0.0033 0.0018 0.0153 0.0331 0.0749 0.1611 0.2430 0.3312
434.0 -0.0031 -0.0031 0.0020 0.0157 0.0331 0.0756 0.1621 0.2444 0.3330
434.5 -0.0035 -0.0035 0.0016 0.0154 0.0333 0.0756 0.1626 0.2451 0.3347
435.0 -0.0033 -0.0033 0.0021 0.0157 0.0336 0.0763 0.1633 0.2465 0.3363
435.5 -0.0034 -0.0034 0.0016 0.0161 0.0334 0.0764 0.1640 0.2474 0.3377
436.0 -0.0035 -0.0035 0.0018 0.0157 0.0339 0.0768 0.1648 0.2488 0.3396
436.5 -0.0035 -0.0035 0.0020 0.0159 0.0340 0.0773 0.1655 0.2499 0.3407
437.0 -0.0036 -0.0036 0.0019 0.0157 0.0340 0.0774 0.1662 0.2509 0.3424
437.5 -0.0035 -0.0035 0.0018 0.0162 0.0341 0.0777 0.1671 0.2522 0.3437
438.0 -0.0032 -0.0032 0.0021 0.0163 0.0342 0.0781 0.1678 0.2528 0.3452
438.5 -0.0036 -0.0036 0.0018 0.0160 0.0341 0.0784 0.1681 0.2537 0.3462
439.0 -0.0032 -0.0032 0.0023 0.0167 0.0346 0.0788 0.1690 0.2553 0.3477
439.5 -0.0035 -0.0035 0.0019 0.0166 0.0348 0.0794 0.1696 0.2563 0.3493
440.0 -0.0029 -0.0029 0.0025 0.0168 0.0349 0.0795 0.1706 0.2575 0.3508
440.5 -0.0032 -0.0032 0.0020 0.0165 0.0351 0.0796 0.1708 0.2582 0.3517
441.0 -0.0036 -0.0036 0.0021 0.0166 0.0352 0.0798 0.1715 0.2591 0.3529
441.5 -0.0034 -0.0034 0.0019 0.0166 0.0350 0.0800 0.1717 0.2602 0.3542
442.0 -0.0036 -0.0036 0.0018 0.0166 0.0352 0.0802 0.1723 0.2608 0.3553
442.5 -0.0032 -0.0032 0.0022 0.0170 0.0355 0.0807 0.1730 0.2614 0.3568
443.0 -0.0033 -0.0033 0.0020 0.0170 0.0357 0.0809 0.1736 0.2624 0.3580
443.5 -0.0038 -0.0038 0.0017 0.0167 0.0356 0.0810 0.1739 0.2632 0.3589
444.0 -0.0035 -0.0035 0.0019 0.0169 0.0355 0.0810 0.1743 0.2636 0.3599
444.5 -0.0036 -0.0036 0.0019 0.0169 0.0357 0.0817 0.1753 0.2648 0.3611
445.0 -0.0036 -0.0036 0.0018 0.0171 0.0356 0.0817 0.1757 0.2658 0.3622
445.5 -0.0035 -0.0035 0.0019 0.0170 0.0358 0.0823 0.1762 0.2665 0.3634
446.0 -0.0038 -0.0038 0.0019 0.0172 0.0361 0.0823 0.1770 0.2672 0.3644
446.5 -0.0036 -0.0036 0.0022 0.0171 0.0360 0.0826 0.1773 0.2680 0.3656
447.0 -0.0038 -0.0038 0.0019 0.0170 0.0359 0.0826 0.1775 0.2686 0.3664
447.5 -0.0035 -0.0035 0.0021 0.0174 0.0366 0.0830 0.1784 0.2694 0.3677
448.0 -0.0033 -0.0033 0.0021 0.0174 0.0366 0.0834 0.1788 0.2706 0.3688
448.5 -0.0034 -0.0034 0.0020 0.0174 0.0369 0.0836 0.1795 0.2712 0.3700
449.0 -0.0036 -0.0036 0.0020 0.0174 0.0365 0.0837 0.1798 0.2719 0.3709
449.5 -0.0038 -0.0038 0.0017 0.0171 0.0365 0.0837 0.1799 0.2726 0.3720
450.0 -0.0036 -0.0036 0.0019 0.0177 0.0368 0.0842 0.1810 0.2736 0.3732
450.5 -0.0036 -0.0036 0.0019 0.0178 0.0368 0.0845 0.1815 0.2741 0.3743
451.0 -0.0036 -0.0036 0.0019 0.0178 0.0369 0.0846 0.1818 0.2754 0.3756
451.5 -0.0038 -0.0038 0.0019 0.0175 0.0370 0.0849 0.1825 0.2762 0.3767
452.0 -0.0037 -0.0037 0.0018 0.0177 0.0370 0.0852 0.1832 0.2771 0.3781
452.5 -0.0038 -0.0038 0.0024 0.0179 0.0371 0.0858 0.1836 0.2781 0.3795
453.0 -0.0038 -0.0038 0.0021 0.0177 0.0375 0.0859 0.1846 0.2790 0.3805
453.5 -0.0036 -0.0036 0.0020 0.0178 0.0375 0.0863 0.1850 0.2800 0.3825
454.0 -0.0039 -0.0039 0.0019 0.0176 0.0376 0.0860 0.1852 0.2811 0.3832
454.5 -0.0039 -0.0039 0.0017 0.0178 0.0375 0.0866 0.1865 0.2823 0.3847
455.0 -0.0038 -0.0038 0.0020 0.0181 0.0379 0.0869 0.1867 0.2831 0.3864
455.5 -0.0037 -0.0037 0.0021 0.0182 0.0381 0.0875 0.1879 0.2842 0.3881
456.0 -0.0041 -0.0041 0.0020 0.0181 0.0380 0.0875 0.1883 0.2853 0.3894
456.5 -0.0036 -0.0036 0.0022 0.0184 0.0383 0.0880 0.1894 0.2866 0.3912
457.0 -0.0037 -0.0037 0.0020 0.0183 0.0385 0.0883 0.1899 0.2879 0.3928
457.5 -0.0039 -0.0039 0.0018 0.0183 0.0382 0.0885 0.1904 0.2889 0.3943
458.0 -0.0038 -0.0038 0.0019 0.0183 0.0388 0.0889 0.1913 0.2901 0.3958
458.5 -0.0037 -0.0037 0.0017 0.0185 0.0386 0.0889 0.1919 0.2911 0.3974
459.0 -0.0038 -0.0038 0.0020 0.0184 0.0389 0.0898 0.1929 0.2925 0.3993
459.5 -0.0041 -0.0041 0.0018 0.0184 0.0392 0.0899 0.1938 0.2938 0.4011
460.0 -0.0041 -0.0041 0.0018 0.0184 0.0391 0.0901 0.1946 0.2950 0.4027
460.5 -0.0041 -0.0041 0.0018 0.0186 0.0393 0.0907 0.1955 0.2963 0.4045
461.0 -0.0041 -0.0041 0.0021 0.0191 0.0397 0.0909 0.1962 0.2978 0.4064
461.5 -0.0039 -0.0039 0.0019 0.0191 0.0395 0.0913 0.1970 0.2989 0.4082
462.0 -0.0039 -0.0039 0.0021 0.0192 0.0400 0.0918 0.1983 0.3005 0.4104
462.5 -0.0043 -0.0043 0.0020 0.0191 0.0401 0.0920 0.1990 0.3017 0.4119
463.0 -0.0042 -0.0042 0.0022 0.0190 0.0402 0.0924 0.1996 0.3033 0.4140
463.5 -0.0041 -0.0041 0.0019 0.0190 0.0402 0.0927 0.2003 0.3041 0.4155
464.0 -0.0043 -0.0043 0.0017 0.0189 0.0403 0.0931 0.2013 0.3057 0.4177
464.5 -0.0043 -0.0043 0.0020 0.0195 0.0403 0.0936 0.2024 0.3074 0.4194
465.0 -0.0041 -0.0041 0.0020 0.0195 0.0409 0.0942 0.2034 0.3089 0.4215
465.5 -0.0038 -0.0038 0.0021 0.0196 0.0410 0.0947 0.2044 0.3101 0.4236
466.0 -0.0041 -0.0041 0.0022 0.0197 0.0411 0.0950 0.2051 0.3119 0.4255
466.5 -0.0039 -0.0039 0.0022 0.0197 0.0412 0.0954 0.2064 0.3131 0.4271
467.0 -0.0042 -0.0042 0.0021 0.0198 0.0413 0.0957 0.2068 0.3142 0.4292
467.5 -0.0042 -0.0042 0.0022 0.0197 0.0414 0.0959 0.2079 0.3156 0.4310
468.0 -0.0041 -0.0041 0.0019 0.0201 0.0416 0.0964 0.2088 0.3169 0.4329
468.5 -0.0042 -0.0042 0.0018 0.0198 0.0416 0.0967 0.2090 0.3181 0.4340
469.0 -0.0043 -0.0043 0.0022 0.0202 0.0419 0.0970 0.2100 0.3195 0.4360
469.5 -0.0042 -0.0042 0.0019 0.0201 0.0419 0.0972 0.2107 0.3202 0.4374
470.0 -0.0041 -0.0041 0.0021 0.0203 0.0422 0.0976 0.2114 0.3216 0.4390
470.5 -0.0045 -0.0045 0.0018 0.0202 0.0421 0.0980 0.2122 0.3226 0.4408
471.0 -0.0043 -0.0043 0.0019 0.0202 0.0425 0.0979 0.2128 0.3233 0.4416
471.5 -0.0043 -0.0043 0.0021 0.0204 0.0425 0.0986 0.2133 0.3243 0.4429
472.0 -0.0044 -0.0044 0.0019 0.0203 0.0424 0.0986 0.2139 0.3252 0.4445
472.5 -0.0041 -0.0041 0.0019 0.0203 0.0428 0.0989 0.2142 0.3260 0.4455
473.0 -0.0044 -0.0044 0.0020 0.0206 0.0426 0.0990 0.2149 0.3269 0.4467
473.5 -0.0043 -0.0043 0.0019 0.0206 0.0429 0.0995 0.2156 0.3279 0.4482
474.0 -0.0039 -0.0039 0.0023 0.0207 0.0431 0.0996 0.2160 0.3286 0.4494
474.5 -0.0044 -0.0044 0.0023 0.0206 0.0429 0.0998 0.2165 0.3296 0.4500
475.0 -0.0039 -0.0039 0.0022 0.0206 0.0433 0.1001 0.2168 0.3303 0.4512
475.5 -0.0043 -0.0043 0.0020 0.0208 0.0432 0.0999 0.2171 0.3309 0.4519
476.0 -0.0043 -0.0043 0.0020 0.0206 0.0433 0.1001 0.2175 0.3312 0.4530
476.5 -0.0041 -0.0041 0.0022 0.0210 0.0433 0.1002 0.2183 0.3318 0.4535
477.0 -0.0042 -0.0042 0.0018 0.0206 0.0433 0.1005 0.2182 0.3320 0.4539
477.5 -0.0045 -0.0045 0.0018 0.0205 0.0429 0.1004 0.2181 0.3320 0.4542
478.0 -0.0044 -0.0044 0.0019 0.0206 0.0433 0.1002 0.2185 0.3328 0.4550
478.5 -0.0045 -0.0045 0.0019 0.0208 0.0431 0.1005 0.2188 0.3330 0.4557
479.0 -0.0042 -0.0042 0.0019 0.0210 0.0432 0.1008 0.2191 0.3335 0.4562
479.5 -0.0045 -0.0045 0.0020 0.0207 0.0435 0.1005 0.2192 0.3335 0.4565
480.0 -0.0043 -0.0043 0.0017 0.0207 0.0433 0.1006 0.2190 0.3338 0.4566
480.5 -0.0044 -0.0044 0.0021 0.0207 0.0431 0.1006 0.2193 0.3340 0.4570
481.0 -0.0042 -0.0042 0.0018 0.0206 0.0433 0.1008 0.2195 0.3343 0.4574
481.5 -0.0045 -0.0045 0.0019 0.0207 0.0431 0.1007 0.2196 0.3343 0.4577
482.0 -0.0044 -0.0044 0.0018 0.0205 0.0432 0.1008 0.2198 0.3346 0.4578
482.5 -0.0045 -0.0045 0.0018 0.0205 0.0431 0.1006 0.2195 0.3347 0.4582
483.0 -0.0043 -0.0043 0.0021 0.0207 0.0432 0.1009 0.2198 0.3346 0.4585
483.5 -0.0043 -0.0043 0.0015 0.0206 0.0431 0.1007 0.2196 0.3348 0.4584
484.0 -0.0044 -0.0044 0.0017 0.0206 0.0432 0.1008 0.2197 0.3349 0.4587
484.5 -0.0042 -0.0042 0.0019 0.0206 0.0432 0.1008 0.2201 0.3351 0.4589
485.0 -0.0046 -0.0046 0.0017 0.0206 0.0430 0.1005 0.2198 0.3353 0.4588
485.5 -0.0047 -0.0047 0.0014 0.0203 0.0430 0.1005 0.2196 0.3352 0.4586
486.0 -0.0044 -0.0044 0.0017 0.0202 0.0432 0.1007 0.2197 0.3355 0.4594
486.5 -0.0047 -0.0047 0.0015 0.0205 0.0432 0.1008 0.2201 0.3358 0.4596
487.0 -0.0043 -0.0043 0.0018 0.0206 0.0432 0.1007 0.2201 0.3360 0.4597
487.5 -0.0047 -0.0047 0.0017 0.0204 0.0432 0.1006 0.2203 0.3362 0.4596
488.0 -0.0044 -0.0044 0.0019 0.0204 0.0431 0.1007 0.2202 0.3362 0.4598
488.5 -0.0048 -0.0048 0.0016 0.0201 0.0430 0.1005 0.2202 0.3361 0.4602
489.0 -0.0046 -0.0046 0.0016 0.0203 0.0431 0.1006 0.2203 0.3363 0.4603
489.5 -0.0046 -0.0046 0.0016 0.0205 0.0433 0.1006 0.2203 0.3366 0.4611
490.0 -0.0043 -0.0043 0.0017 0.0207 0.0432 0.1007 0.2208 0.3371 0.4612
490.5 -0.0042 -0.0042 0.0016 0.0205 0.0433 0.1010 0.2209 0.3374 0.4617
491.0 -0.0049 -0.0049 0.0015 0.0200 0.0429 0.1009 0.2209 0.3371 0.4614
491.5 -0.0048 -0.0048 0.0015 0.0203 0.0429 0.1007 0.2210 0.3374 0.4618
492.0 -0.0046 -0.0046 0.0016 0.0204 0.0432 0.1009 0.2210 0.3378 0.4626
492.5 -0.0047 -0.0047 0.0013 0.0203 0.0431 0.1008 0.2212 0.3382 0.4626
493.0 -0.0047 -0.0047 0.0014 0.0204 0.0430 0.1009 0.2214 0.3387 0.4634
493.5 -0.0046 -0.0046 0.0011 0.0203 0.0432 0.1010 0.2215 0.3386 0.4641
494.0 -0.0046 -0.0046 0.0014 0.0203 0.0432 0.1010 0.2221 0.3394 0.4645
494.5 -0.0050 -0.0050 0.0014 0.0205 0.0433 0.1012 0.2223 0.3396 0.4652
495.0 -0.0048 -0.0048 0.0012 0.0203 0.0432 0.1013 0.2225 0.3400 0.4658
495.5 -0.0044 -0.0044 0.0014 0.0204 0.0432 0.1015 0.2227 0.3405 0.4666
496.0 -0.0044 -0.0044 0.0014 0.0206 0.0433 0.1015 0.2234 0.3411 0.4669
496.5 -0.0045 -0.0045 0.0016 0.0207 0.0436 0.1018 0.2236 0.3417 0.4677
497.0 -0.0047 -0.0047 0.0013 0.0204 0.0434 0.1018 0.2237 0.3422 0.4686
497.5 -0.0047 -0.0047 0.0014 0.0202 0.0437 0.1019 0.2243 0.3428 0.4693
498.0 -0.0046 -0.0046 0.0014 0.0206 0.0434 0.1019 0.2244 0.3432 0.4703
498.5 -0.0045 -0.0045 0.0013 0.0203 0.0435 0.1023 0.2249 0.3440 0.4713
499.0 -0.0046 -0.0046 0.0014 0.0205 0.0438 0.1025 0.2254 0.3449 0.4721
499.5 -0.0044 -0.0044 0.0015 0.0206 0.0438 0.1028 0.2257 0.3455 0.4730
500.0 -0.0047 -0.0047 0.0015 0.0208 0.0438 0.1029 0.2263 0.3461 0.4743
500.5 -0.0048 -0.0048 0.0015 0.0206 0.0440 0.1029 0.2264 0.3469 0.4751
501.0 -0.0047 -0.0047 0.0014 0.0205 0.0440 0.1030 0.2271 0.3475 0.4760
501.5 -0.0046 -0.0046 0.0019 0.0210 0.0443 0.1035 0.2277 0.3485 0.4774
502.0 -0.0048 -0.0048 0.0014 0.0207 0.0440 0.1037 0.2281 0.3490 0.4781
502.5 -0.0049 -0.0049 0.0013 0.0208 0.0442 0.1035 0.2286 0.3496 0.4788
503.0 -0.0045 -0.0045 0.0016 0.0209 0.0441 0.1040 0.2290 0.3505 0.4802
503.5 -0.0046 -0.0046 0.0014 0.0209 0.0445 0.1043 0.2292 0.3513 0.4813
504.0 -0.0047 -0.0047 0.0014 0.0210 0.0445 0.1044 0.2300 0.3520 0.4820
504.5 -0.0048 -0.0048 0.0014 0.0208 0.0444 0.1043 0.2301 0.3523 0.4830
505.0 -0.0048 -0.0048 0.0012 0.0209 0.0444 0.1044 0.2304 0.3528 0.4836
505.5 -0.0049 -0.0049 0.0015 0.0209 0.0441 0.1047 0.2308 0.3536 0.4846
506.0 -0.0046 -0.0046 0.0017 0.0211 0.0445 0.1050 0.2313 0.3543 0.4853
506.5 -0.0045 -0.0045 0.0016 0.0212 0.0447 0.1049 0.2316 0.3548 0.4864
507.0 -0.0047 -0.0047 0.0016 0.0210 0.0447 0.1052 0.2317 0.3551 0.4866
507.5 -0.0048 -0.0048 0.0014 0.0209 0.0447 0.1050 0.2320 0.3555 0.4870
508.0 -0.0047 -0.0047 0.0013 0.0208 0.0447 0.1050 0.2321 0.3559 0.4880
508.5 -0.0048 -0.0048 0.0014 0.0212 0.0449 0.1055 0.2324 0.3561 0.4883
509.0 -0.0048 -0.0048 0.0014 0.0208 0.0447 0.1055 0.2327 0.3564 0.4883
509.5 -0.0045 -0.0045 0.0015 0.0212 0.0451 0.1055 0.2328 0.3566 0.4888
510.0 -0.0047 -0.0047 0.0015 0.0210 0.0450 0.1051 0.2326 0.3563 0.4886
510.5 -0.0050 -0.0050 0.0015 0.0211 0.0448 0.1049 0.2326 0.3563 0.4886
511.0 -0.0049 -0.0049 0.0013 0.0209 0.0446 0.1049 0.2322 0.3564 0.4883
511.5 -0.0045 -0.0045 0.0016 0.0210 0.0449 0.1051 0.2326 0.3560 0.4881
512.0 -0.0048 -0.0048 0.0014 0.0210 0.0445 0.1049 0.2318 0.3555 0.4876
512.5 -0.0048 -0.0048 0.0017 0.0211 0.0447 0.1048 0.2317 0.3553 0.4866
513.0 -0.0044 -0.0044 0.0017 0.0211 0.0445 0.1044 0.2311 0.3545 0.4861
513.5 -0.0050 -0.0050 0.0011 0.0206 0.0441 0.1040 0.2306 0.3536 0.4849
514.0 -0.0048 -0.0048 0.0014 0.0206 0.0442 0.1039 0.2298 0.3526 0.4835
514.5 -0.0048 -0.0048 0.0012 0.0204 0.0438 0.1036 0.2292 0.3515 0.4822
515.0 -0.0047 -0.0047 0.0014 0.0205 0.0438 0.1033 0.2286 0.3510 0.4810
515.5 -0.0047 -0.0047 0.0012 0.0204 0.0437 0.1027 0.2278 0.3499 0.4796
516.0 -0.0046 -0.0046 0.0012 0.0200 0.0433 0.1020 0.2269 0.3481 0.4774
516.5 -0.0046 -0.0046 0.0012 0.0202 0.0430 0.1018 0.2260 0.3469 0.4757
517.0 -0.0048 -0.0048 0.0012 0.0200 0.0430 0.1014 0.2250 0.3452 0.4733
517.5 -0.0046 -0.0046 0.0010 0.0200 0.0425 0.1007 0.2236 0.3435 0.4711
518.0 -0.0046 -0.0046 0.0011 0.0197 0.0427 0.1004 0.2227 0.3421 0.4690
518.5 -0.0047 -0.0047 0.0008 0.0193 0.0420 0.0993 0.2213 0.3396 0.4662
519.0 -0.0049 -0.0049 0.0006 0.0189 0.0417 0.0986 0.2199 0.3371 0.4630
519.5 -0.0047 -0.0047 0.0011 0.0193 0.0416 0.0982 0.2183 0.3354 0.4602
520.0 -0.0048 -0.0048 0.0009 0.0188 0.0413 0.0973 0.2169 0.3329 0.4572
520.5 -0.0050 -0.0050 0.0007 0.0188 0.0406 0.0967 0.2149 0.3305 0.4540
521.0 -0.0048 -0.0048 0.0009 0.0186 0.0405 0.0959 0.2136 0.3279 0.4504
521.5 -0.0047 -0.0047 0.0007 0.0184 0.0401 0.0952 0.2115 0.3251 0.4462
522.0 -0.0048 -0.0048 0.0009 0.0181 0.0395 0.0940 0.2098 0.3221 0.4426
522.5 -0.0045 -0.0045 0.0008 0.0178 0.0391 0.0933 0.2080 0.3192 0.4385
523.0 -0.0045 -0.0045 0.0009 0.0178 0.0388 0.0923 0.2058 0.3159 0.4345
523.5 -0.0047 -0.0047 0.0004 0.0171 0.0381 0.0909 0.2037 0.3128 0.4301
524.0 -0.0045 -0.0045 0.0006 0.0172 0.0380 0.0905 0.2021 0.3099 0.4259
524.5 -0.0047 -0.0047 0.0006 0.0168 0.0375 0.0894 0.1996 0.3066 0.4212
525.0 -0.0047 -0.0047 0.0004 0.0162 0.0368 0.0880 0.1970 0.3028 0.4163
525.5 -0.0048 -0.0048 0.0003 0.0161 0.0363 0.0869 0.1949 0.2990 0.4115
526.0 -0.0049 -0.0049 0.0002 0.0158 0.0358 0.0857 0.1925 0.2955 0.4065
526.5 -0.0050 -0.0050 -0.0001 0.0155 0.0353 0.0846 0.1897 0.2917 0.4011
527.0 -0.0047 -0.0047 0.0002 0.0154 0.0347 0.0834 0.1872 0.2881 0.3961
527.5 -0.0048 -0.0048 -0.0001 0.0149 0.0340 0.0820 0.1845 0.2840 0.3908
528.0 -0.0048 -0.0048 -0.0001 0.0145 0.0335 0.0807 0.1816 0.2796 0.3847
528.5 -0.0048 -0.0048 -0.0002 0.0144 0.0327 0.0793 0.1793 0.2755 0.3793
529.0 -0.0049 -0.0049 -0.0002 0.0140 0.0324 0.0781 0.1762 0.2713 0.3735
529.5 -0.0046 -0.0046 -0.0003 0.0136 0.0320 0.0769 0.1736 0.2671 0.3678
530.0 -0.0049 -0.0049 -0.0005 0.0131 0.0309 0.0752 0.1706 0.2625 0.3614
530.5 -0.0049 -0.0049 -0.0003 0.0130 0.0309 0.0745 0.1680 0.2582 0.3558
531.0 -0.0047 -0.0047 -0.0004 0.0128 0.0301 0.0729 0.1652 0.2537 0.3493
531.5 -0.0043 -0.0043 -0.0005 0.0124 0.0293 0.0717 0.1626 0.2494 0.3438
532.0 -0.0047 -0.0047 -0.0007 0.0117 0.0286 0.0701 0.1590 0.2445 0.3372
532.5 -0.0048 -0.0048 -0.0007 0.0113 0.0279 0.0682 0.1557 0.2397 0.3310
533.0 -0.0046 -0.0046 -0.0011 0.0109 0.0272 0.0668 0.1530 0.2353 0.3244
533.5 -0.0045 -0.0045 -0.0010 0.0107 0.0266 0.0657 0.1501 0.2307 0.3185
534.0 -0.0047 -0.0047 -0.0011 0.0104 0.0261 0.0642 0.1468 0.2261 0.3120
534.5 -0.0046 -0.0046 -0.0011 0.0101 0.0254 0.0630 0.1439 0.2215 0.3061
535.0 -0.0048 -0.0048 -0.0010 0.0096 0.0246 0.0610 0.1404 0.2166 0.2995
535.5 -0.0046 -0.0046 -0.0013 0.0092 0.0241 0.0600 0.1376 0.2116 0.2928
536.0 -0.0048 -0.0048 -0.0016 0.0088 0.0233 0.0584 0.1341 0.2072 0.2865
536.5 -0.0049 -0.0049 -0.0017 0.0086 0.0226 0.0571 0.1314 0.2024 0.2801
537.0 -0.0050 -0.0050 -0.0017 0.0081 0.0222 0.0556 0.1285 0.1979 0.2741
537.5 -0.0049 -0.0049 -0.0017 0.0078 0.0217 0.0543 0.1257 0.1937 0.2678
538.0 -0.0050 -0.0050 -0.0017 0.0073 0.0209 0.0534 0.1230 0.1892 0.2616
538.5 -0.0048 -0.0048 -0.0018 0.0069 0.0205 0.0517 0.1198 0.1845 0.2549
539.0 -0.0049 -0.0049 -0.0019 0.0065 0.0197 0.0500 0.1167 0.1797 0.2486
539.5 -0.0048 -0.0048 -0.0020 0.0064 0.0190 0.0489 0.1139 0.1752 0.2430
540.0 -0.0048 -0.0048 -0.0022 0.0060 0.0186 0.0474 0.1112 0.1709 0.2372
540.5 -0.0049 -0.0049 -0.0023 0.0056 0.0180 0.0461 0.1082 0.1667 0.2313
541.0 -0.0049 -0.0049 -0.0023 0.0052 0.0171 0.0448 0.1050 0.1622 0.2254
541.5 -0.0046 -0.0046 -0.0021 0.0052 0.0170 0.0436 0.1026 0.1582 0.2196
542.0 -0.0050 -0.0050 -0.0024 0.0045 0.0160 0.0419 0.0996 0.1536 0.2136
542.5 -0.0049 -0.0049 -0.0025 0.0045 0.0156 0.0410 0.0968 0.1496 0.2079
543.0 -0.0050 -0.0050 -0.0027 0.0038 0.0147 0.0394 0.0941 0.1450 0.2023
543.5 -0.0051 -0.0051 -0.0028 0.0035 0.0143 0.0384 0.0914 0.1411 0.1967
544.0 -0.0048 -0.0048 -0.0027 0.0036 0.0138 0.0372 0.0892 0.1373 0.1914
544.5 -0.0047 -0.0047 -0.0028 0.0030 0.0135 0.0361 0.0865 0.1333 0.1859
545.0 -0.0048 -0.0048 -0.0027 0.0027 0.0126 0.0349 0.0838 0.1294 0.1805
545.5 -0.0050 -0.0050 -0.0030 0.0023 0.0122 0.0336 0.0811 0.1255 0.1750
546.0 -0.0049 -0.0049 -0.0032 0.0020 0.0116 0.0325 0.0790 0.1218 0.1700
546.5 -0.0050 -0.0050 -0.0032 0.0018 0.0111 0.0314 0.0767 0.1183 0.1656
547.0 -0.0048 -0.0048 -0.0028 0.0015 0.0106 0.0304 0.0743 0.1145 0.1606
547.5 -0.0049 -0.0049 -0.0033 0.0012 0.0101 0.0291 0.0718 0.1111 0.1555
548.0 -0.0053 -0.0053 -0.0033 0.0009 0.0096 0.0279 0.0696 0.1074 0.1513
548.5 -0.0050 -0.0050 -0.0033 0.0006 0.0093 0.0271 0.0675 0.1042 0.1466
549.0 -0.0050 -0.0050 -0.0034 0.0003 0.0088 0.0261 0.0652 0.1012 0.1422
549.5 -0.0051 -0.0051 -0.0035 0.0002 0.0085 0.0253 0.0635 0.0980 0.1378
550.0 -0.0051 -0.0051 -0.0037 -0.0001 0.0080 0.0240 0.0609 0.0949 0.1338
550.5 -0.0050 -0.0050 -0.0036 -0.0001 0.0076 0.0233 0.0594 0.0919 0.1297
551.0 -0.0049 -0.0049 -0.0037 -0.0005 0.0070 0.0224 0.0575 0.0889 0.1255
551.5 -0.0051 -0.0051 -0.0036 -0.0008 0.0067 0.0215 0.0555 0.0863 0.1218
552.0 -0.0049 -0.0049 -0.0036 -0.0009 0.0064 0.0211 0.0540 0.0838 0.1182
552.5 -0.0046 -0.0046 -0.0036 -0.0008 0.0062 0.0203 0.0525 0.0812 0.1145
553.0 -0.0050 -0.0050 -0.0039 -0.0013 0.0056 0.0193 0.0503 0.0781 0.1108
553.5 -0.0049 -0.0049 -0.0038 -0.0014 0.0052 0.0186 0.0489 0.0757 0.1072
554.0 -0.0048 -0.0048 -0.0039 -0.0016 0.0050 0.0178 0.0473 0.0734 0.1041
554.5 -0.0051 -0.0051 -0.0040 -0.0020 0.0045 0.0169 0.0455 0.0709 0.1009
555.0 -0.0046 -0.0046 -0.0038 -0.0021 0.0044 0.0161 0.0441 0.0687 0.0980
555.5 -0.0051 -0.0051 -0.0040 -0.0023 0.0040 0.0157 0.0426 0.0662 0.0952
556.0 -0.0048 -0.0048 -0.0041 -0.0023 0.0037 0.0148 0.0415 0.0642 0.0920
556.5 -0.0050 -0.0050 -0.0041 -0.0027 0.0034 0.0143 0.0400 0.0619 0.0891
557.0 -0.0049 -0.0049 -0.0040 -0.0028 0.0031 0.0135 0.0385 0.0601 0.0863
557.5 -0.0045 -0.0045 -0.0039 -0.0027 0.0031 0.0133 0.0378 0.0583 0.0836
558.0 -0.0053 -0.0053 -0.0043 -0.0033 0.0026 0.0125 0.0359 0.0561 0.0808
558.5 -0.0050 -0.0050 -0.0044 -0.0032 0.0023 0.0120 0.0349 0.0544 0.0784
559.0 -0.0053 -0.0053 -0.0043 -0.0035 0.0021 0.0115 0.0337 0.0526 0.0759
559.5 -0.0050 -0.0050 -0.0043 -0.0036 0.0019 0.0110 0.0326 0.0508 0.0738
560.0 -0.0052 -0.0052 -0.0045 -0.0038 0.0015 0.0106 0.0316 0.0492 0.0713
560.5 -0.0049 -0.0049 -0.0045 -0.0036 0.0014 0.0101 0.0307 0.0479 0.0693
561.0 -0.0049 -0.0049 -0.0045 -0.0040 0.0012 0.0094 0.0295 0.0463 0.0672
561.5 -0.0050 -0.0050 -0.0044 -0.0040 0.0012 0.0092 0.0287 0.0451 0.0652
562.0 -0.0050 -0.0050 -0.0044 -0.0042 0.0009 0.0086 0.0280 0.0434 0.0637
562.5 -0.0050 -0.0050 -0.0044 -0.0045 0.0003 0.0081 0.0270 0.0420 0.0616
563.0 -0.0049 -0.0049 -0.0044 -0.0045 0.0005 0.0078 0.0258 0.0407 0.0599
563.5 -0.0052 -0.0052 -0.0044 -0.0046 0.0003 0.0072 0.0252 0.0393 0.0580
564.0 -0.0048 -0.0048 -0.0047 -0.0047 0.0000 0.0071 0.0245 0.0383 0.0566
564.5 -0.0047 -0.0047 -0.0046 -0.0047 -0.0002 0.0070 0.0237 0.0368 0.0547
565.0 -0.0048 -0.0048 -0.0042 -0.0045 -0.0001 0.0063 0.0229 0.0358 0.0534
565.5 -0.0046 -0.0046 -0.0043 -0.0044 -0.0002 0.0062 0.0222 0.0348 0.0518
566.0 -0.0049 -0.0049 -0.0045 -0.0049 -0.0004 0.0054 0.0214 0.0332 0.0498
566.5 -0.0051 -0.0051 -0.0048 -0.0051 -0.0008 0.0051 0.0204 0.0321 0.0482
567.0 -0.0050 -0.0050 -0.0048 -0.0053 -0.0012 0.0049 0.0199 0.0310 0.0468
567.5 -0.0045 -0.0045 -0.0045 -0.0050 -0.0007 0.0048 0.0193 0.0304 0.0456
568.0 -0.0046 -0.0046 -0.0043 -0.0049 -0.0008 0.0048 0.0188 0.0296 0.0446
568.5 -0.0049 -0.0049 -0.0048 -0.0052 -0.0014 0.0044 0.0180 0.0283 0.0430
569.0 -0.0047 -0.0047 -0.0045 -0.0050 -0.0011 0.0040 0.0175 0.0274 0.0419
569.5 -0.0047 -0.0047 -0.0043 -0.0050 -0.0011 0.0039 0.0170 0.0268 0.0406
570.0 -0.0050 -0.0050 -0.0047 -0.0054 -0.0014 0.0034 0.0162 0.0257 0.0392
570.5 -0.0048 -0.0048 -0.0044 -0.0052 -0.0017 0.0032 0.0159 0.0248 0.0381
571.0 -0.0045 -0.0045 -0.0043 -0.0051 -0.0016 0.0030 0.0153 0.0242 0.0371
571.5 -0.0047 -0.0047 -0.0044 -0.0052 -0.0016 0.0030 0.0149 0.0233 0.0361
572.0 -0.0047 -0.0047 -0.0045 -0.0051 -0.0018 0.0026 0.0142 0.0227 0.0349
572.5 -0.0044 -0.0044 -0.0046 -0.0056 -0.0021 0.0023 0.0137 0.0218 0.0339
573.0 -0.0048 -0.0048 -0.0046 -0.0056 -0.0022 0.0022 0.0132 0.0208 0.0330
573.5 -0.0047 -0.0047 -0.0045 -0.0057 -0.0020 0.0021 0.0128 0.0204 0.0319
574.0 -0.0045 -0.0045 -0.0044 -0.0054 -0.0020 0.0019 0.0124 0.0197 0.0311
574.5 -0.0047 -0.0047 -0.0043 -0.0057 -0.0024 0.0015 0.0121 0.0188 0.0302
575.0 -0.0046 -0.0046 -0.0042 -0.0053 -0.0022 0.0015 0.0117 0.0184 0.0294
575.5 -0.0047 -0.0047 -0.0043 -0.0056 -0.0024 0.0013 0.0113 0.0178 0.0283
576.0 -0.0045 -0.0045 -0.0046 -0.0058 -0.0026 0.0011 0.0109 0.0170 0.0275
576.5 -0.0045 -0.0045 -0.0047 -0.0057 -0.0027 0.0010 0.0104 0.0165 0.0264
577.0 -0.0046 -0.0046 -0.0046 -0.0059 -0.0027 0.0007 0.0101 0.0160 0.0257
577.5 -0.0043 -0.0043 -0.0043 -0.0056 -0.0025 0.0009 0.0099 0.0154 0.0253
578.0 -0.0044 -0.0044 -0.0042 -0.0058 -0.0027 0.0004 0.0094 0.0150 0.0243
578.5 -0.0042 -0.0042 -0.0040 -0.0059 -0.0027 0.0006 0.0091 0.0144 0.0236
579.0 -0.0042 -0.0042 -0.0043 -0.0057 -0.0029 0.0002 0.0086 0.0139 0.0229
579.5 -0.0042 -0.0042 -0.0042 -0.0058 -0.0029 0.0001 0.0087 0.0131 0.0221
580.0 -0.0043 -0.0043 -0.0043 -0.0058 -0.0029 -0.0002 0.0081 0.0126 0.0215
580.5 -0.0040 -0.0040 -0.0040 -0.0057 -0.0029 0.0000 0.0082 0.0124 0.0211
581.0 -0.0044 -0.0044 -0.0044 -0.0061 -0.0036 -0.0006 0.0071 0.0117 0.0199
581.5 -0.0044 -0.0044 -0.0043 -0.0059 -0.0032 -0.0007 0.0071 0.0113 0.0195
582.0 -0.0041 -0.0041 -0.0043 -0.0058 -0.0032 -0.0005 0.0068 0.0109 0.0189
582.5 -0.0041 -0.0041 -0.0039 -0.0059 -0.0030 -0.0007 0.0068 0.0105 0.0184
583.0 -0.0040 -0.0040 -0.0040 -0.0058 -0.0033 -0.0008 0.0064 0.0100 0.0177
583.5 -0.0041 -0.0041 -0.0039 -0.0057 -0.0030 -0.0008 0.0063 0.0098 0.0172
584.0 -0.0042 -0.0042 -0.0042 -0.0058 -0.0036 -0.0011 0.0058 0.0091 0.0165
584.5 -0.0043 -0.0043 -0.0043 -0.0061 -0.0035 -0.0012 0.0053 0.0088 0.0159
585.0 -0.0040 -0.0040 -0.0040 -0.0057 -0.0034 -0.0013 0.0054 0.0086 0.0156
585.5 -0.0039 -0.0039 -0.0042 -0.0059 -0.0035 -0.0014 0.0053 0.0082 0.0149
586.0 -0.0040 -0.0040 -0.0038 -0.0057 -0.0034 -0.0014 0.0047 0.0078 0.0143
586.5 -0.0039 -0.0039 -0.0039 -0.0058 -0.0038 -0.0014 0.0046 0.0075 0.0139
587.0 -0.0038 -0.0038 -0.0038 -0.0057 -0.0035 -0.0015 0.0046 0.0076 0.0138
587.5 -0.0039 -0.0039 -0.0040 -0.0058 -0.0034 -0.0016 0.0043 0.0069 0.0130
588.0 -0.0037 -0.0037 -0.0038 -0.0058 -0.0037 -0.0016 0.0041 0.0067 0.0128
588.5 -0.0041 -0.0041 -0.0042 -0.0062 -0.0040 -0.0020 0.0036 0.0059 0.0118
589.0 -0.0041 -0.0041 -0.0040 -0.0061 -0.0038 -0.0021 0.0035 0.0061 0.0115
589.5 -0.0041 -0.0041 -0.0040 -0.0061 -0.0039 -0.0021 0.0033 0.0053 0.0108
590.0 -0.0036 -0.0036 -0.0037 -0.0060 -0.0037 -0.0021 0.0034 0.0055 0.0108
590.5 -0.0038 -0.0038 -0.0037 -0.0060 -0.0038 -0.0023 0.0031 0.0049 0.0103
591.0 -0.0039 -0.0039 -0.0040 -0.0061 -0.0037 -0.0023 0.0028 0.0048 0.0098
591.5 -0.0040 -0.0040 -0.0042 -0.0064 -0.0040 -0.0027 0.0025 0.0040 0.0092
592.0 -0.0036 -0.0036 -0.0039 -0.0062 -0.0042 -0.0025 0.0024 0.0041 0.0092
592.5 -0.0039 -0.0039 -0.0039 -0.0062 -0.0041 -0.0029 0.0021 0.0037 0.0085
593.0 -0.0038 -0.0038 -0.0039 -0.0062 -0.0041 -0.0028 0.0021 0.0034 0.0079
593.5 -0.0041 -0.0041 -0.0040 -0.0063 -0.0040 -0.0028 0.0018 0.0031 0.0078
594.0 -0.0039 -0.0039 -0.0040 -0.0062 -0.0042 -0.0028 0.0016 0.0029 0.0075
594.5 -0.0040 -0.0040 -0.0041 -0.0064 -0.0042 -0.0032 0.0013 0.0024 0.0070
595.0 -0.0038 -0.0038 -0.0038 -0.0062 -0.0041 -0.0030 0.0015 0.0026 0.0067
595.5 -0.0037 -0.0037 -0.0036 -0.0060 -0.0039 -0.0029 0.0012 0.0022 0.0064
596.0 -0.0036 -0.0036 -0.0038 -0.0062 -0.0042 -0.0031 0.0011 0.0018 0.0060
596.5 -0.0035 -0.0035 -0.0039 -0.0062 -0.0041 -0.0031 0.0010 0.0018 0.0056
597.0 -0.0034 -0.0034 -0.0037 -0.0060 -0.0040 -0.0030 0.0008 0.0014 0.0056
597.5 -0.0037 -0.0037 -0.0037 -0.0062 -0.0042 -0.0032 0.0004 0.0012 0.0052
598.0 -0.0036 -0.0036 -0.0037 -0.0063 -0.0041 -0.0034 0.0005 0.0011 0.0049
598.5 -0.0038 -0.0038 -0.0038 -0.0064 -0.0041 -0.0033 0.0003 0.0007 0.0045
599.0 -0.0038 -0.0038 -0.0038 -0.0062 -0.0045 -0.0035 0.0001 0.0006 0.0041
599.5 -0.0036 -0.0036 -0.0038 -0.0062 -0.0042 -0.0034 0.0001 0.0003 0.0040
600.0 -0.0037 -0.0037 -0.0038 -0.0061 -0.0044 -0.0037 0.0000 0.0002 0.0038
600.5 -0.0036 -0.0036 -0.0039 -0.0062 -0.0044 -0.0035 -0.0001 0.0000 0.0033
601.0 -0.0035 -0.0035 -0.0038 -0.0062 -0.0044 -0.0035 -0.0001 -0.0001 0.0031
601.5 -0.0034 -0.0034 -0.0038 -0.0063 -0.0043 -0.0036 -0.0006 -0.0005 0.0029
602.0 -0.0038 -0.0038 -0.0038 -0.0064 -0.0044 -0.0037 -0.0007 -0.0007 0.0025
602.5 -0.0035 -0.0035 -0.0037 -0.0063 -0.0043 -0.0038 -0.0006 -0.0008 0.0023
603.0 -0.0035 -0.0035 -0.0035 -0.0061 -0.0042 -0.0038 -0.0007 -0.0008 0.0021
603.5 -0.0039 -0.0039 -0.0039 -0.0063 -0.0047 -0.0040 -0.0009 -0.0013 0.0014
604.0 -0.0038 -0.0038 -0.0037 -0.0064 -0.0045 -0.0040 -0.0010 -0.0012 0.0015
604.5 -0.0040 -0.0040 -0.0040 -0.0064 -0.0045 -0.0039 -0.0013 -0.0015 0.0012
605.0 -0.0036 -0.0036 -0.0037 -0.0063 -0.0046 -0.0041 -0.0013 -0.0014 0.0011
605.5 -0.0036 -0.0036 -0.0039 -0.0065 -0.0046 -0.0042 -0.0014 -0.0018 0.0009
606.0 -0.0039 -0.0039 -0.0039 -0.0066 -0.0047 -0.0042 -0.0016 -0.0021 0.0005
606.5 -0.0037 -0.0037 -0.0039 -0.0064 -0.0047 -0.0043 -0.0016 -0.0019 0.0003
607.0 -0.0035 -0.0035 -0.0037 -0.0064 -0.0045 -0.0040 -0.0014 -0.0020 0.0004
607.5 -0.0035 -0.0035 -0.0035 -0.0061 -0.0046 -0.0042 -0.0017 -0.0022 0.0002
608.0 -0.0036 -0.0036 -0.0037 -0.0063 -0.0046 -0.0043 -0.0016 -0.0023 0.0001
608.5 -0.0034 -0.0034 -0.0036 -0.0064 -0.0046 -0.0043 -0.0019 -0.0025 -0.0003
609.0 -0.0035 -0.0035 -0.0036 -0.0061 -0.0046 -0.0041 -0.0016 -0.0026 -0.0003
609.5 -0.0035 -0.0035 -0.0037 -0.0061 -0.0045 -0.0044 -0.0017 -0.0026 -0.0006
610.0 -0.0036 -0.0036 -0.0040 -0.0063 -0.0047 -0.0043 -0.0021 -0.0029 -0.0008
610.5 -0.0038 -0.0038 -0.0037 -0.0065 -0.0045 -0.0044 -0.0021 -0.0031 -0.0011
611.0 -0.0032 -0.0032 -0.0033 -0.0062 -0.0044 -0.0042 -0.0019 -0.0028 -0.0008
611.5 -0.0033 -0.0033 -0.0033 -0.0062 -0.0044 -0.0042 -0.0021 -0.0029 -0.0011
612.0 -0.0033 -0.0033 -0.0036 -0.0062 -0.0044 -0.0043 -0.0022 -0.0031 -0.0012
612.5 -0.0035 -0.0035 -0.0036 -0.0064 -0.0046 -0.0044 -0.0022 -0.0032 -0.0017
613.0 -0.0033 -0.0033 -0.0036 -0.0063 -0.0044 -0.0045 -0.0023 -0.0037 -0.0015
613.5 -0.0036 -0.0036 -0.0035 -0.0064 -0.0044 -0.0045 -0.0021 -0.0034 -0.0018
614.0 -0.0036 -0.0036 -0.0036 -0.0066 -0.0047 -0.0045 -0.0026 -0.0034 -0.0019
614.5 -0.0037 -0.0037 -0.0037 -0.0063 -0.0046 -0.0047 -0.0027 -0.0037 -0.0021
615.0 -0.0034 -0.0034 -0.0036 -0.0064 -0.0047 -0.0046 -0.0027 -0.0036 -0.0022
615.5 -0.0033 -0.0033 -0.0033 -0.0063 -0.0044 -0.0043 -0.0023 -0.0038 -0.0019
616.0 -0.0036 -0.0036 -0.0038 -0.0064 -0.0047 -0.0045 -0.0028 -0.0041 -0.0025
616.5 -0.0034 -0.0034 -0.0036 -0.0062 -0.0044 -0.0045 -0.0028 -0.0041 -0.0025
617.0 -0.0036 -0.0036 -0.0035 -0.0064 -0.0048 -0.0048 -0.0030 -0.0042 -0.0025
617.5 -0.0033 -0.0033 -0.0036 -0.0062 -0.0043 -0.0045 -0.0029 -0.0038 -0.0026
618.0 -0.0034 -0.0034 -0.0036 -0.0064 -0.0045 -0.0047 -0.0028 -0.0039 -0.0028
618.5 -0.0030 -0.0030 -0.0032 -0.0063 -0.0044 -0.0045 -0.0028 -0.0041 -0.0028
619.0 -0.0031 -0.0031 -0.0033 -0.0060 -0.0044 -0.0045 -0.0027 -0.0037 -0.0027
619.5 -0.0034 -0.0034 -0.0034 -0.0063 -0.0045 -0.0046 -0.0030 -0.0045 -0.0032
620.0 -0.0032 -0.0032 -0.0035 -0.0062 -0.0044 -0.0046 -0.0031 -0.0043 -0.0030
620.5 -0.0030 -0.0030 -0.0031 -0.0061 -0.0042 -0.0044 -0.0030 -0.0040 -0.0030
621.0 -0.0034 -0.0034 -0.0035 -0.0063 -0.0044 -0.0045 -0.0031 -0.0045 -0.0034
621.5 -0.0032 -0.0032 -0.0031 -0.0062 -0.0045 -0.0046 -0.0032 -0.0044 -0.0033
622.0 -0.0030 -0.0030 -0.0032 -0.0061 -0.0044 -0.0047 -0.0032 -0.0045 -0.0032
622.5 -0.0033 -0.0033 -0.0033 -0.0061 -0.0042 -0.0047 -0.0030 -0.0043 -0.0032
623.0 -0.0030 -0.0030 -0.0032 -0.0059 -0.0042 -0.0045 -0.0028 -0.0043 -0.0033
623.5 -0.0032 -0.0032 -0.0032 -0.0061 -0.0046 -0.0047 -0.0030 -0.0045 -0.0036
624.0 -0.0031 -0.0031 -0.0032 -0.0060 -0.0043 -0.0045 -0.0030 -0.0045 -0.0035
624.5 -0.0034 -0.0034 -0.0034 -0.0061 -0.0047 -0.0047 -0.0031 -0.0044 -0.0037
625.0 -0.0033 -0.0033 -0.0034 -0.0061 -0.0046 -0.0049 -0.0035 -0.0046 -0.0037
625.5 -0.0031 -0.0031 -0.0032 -0.0059 -0.0045 -0.0046 -0.0032 -0.0045 -0.0038
626.0 -0.0029 -0.0029 -0.0030 -0.0060 -0.0043 -0.0046 -0.0030 -0.0043 -0.0035
626.5 -0.0031 -0.0031 -0.0034 -0.0063 -0.0043 -0.0046 -0.0031 -0.0048 -0.0039
627.0 -0.0031 -0.0031 -0.0032 -0.0062 -0.0045 -0.0045 -0.0033 -0.0048 -0.0038
627.5 -0.0031 -0.0031 -0.0031 -0.0065 -0.0045 -0.0048 -0.0033 -0.0049 -0.0040
628.0 -0.0030 -0.0030 -0.0028 -0.0059 -0.0043 -0.0044 -0.0030 -0.0045 -0.0038
628.5 -0.0029 -0.0029 -0.0031 -0.0059 -0.0043 -0.0044 -0.0033 -0.0046 -0.0039
629.0 -0.0028 -0.0028 -0.0029 -0.0058 -0.0042 -0.0045 -0.0031 -0.0043 -0.0038
629.5 -0.0031 -0.0031 -0.0032 -0.0062 -0.0044 -0.0047 -0.0036 -0.0048 -0.0042
630.0 -0.0033 -0.0033 -0.0030 -0.0062 -0.0045 -0.0047 -0.0034 -0.0046 -0.0043
630.5 -0.0030 -0.0030 -0.0030 -0.0058 -0.0044 -0.0046 -0.0034 -0.0045 -0.0040
631.0 -0.0027 -0.0027 -0.0029 -0.0058 -0.0042 -0.0047 -0.0033 -0.0046 -0.0043
631.5 -0.0032 -0.0032 -0.0028 -0.0062 -0.0044 -0.0046 -0.0033 -0.0048 -0.0042
632.0 -0.0029 -0.0029 -0.0031 -0.0060 -0.0043 -0.0047 -0.0035 -0.0052 -0.0042
632.5 -0.0029 -0.0029 -0.0031 -0.0061 -0.0043 -0.0046 -0.0035 -0.0049 -0.0041
633.0 -0.0026 -0.0026 -0.0031 -0.0059 -0.0041 -0.0045 -0.0033 -0.0048 -0.0042
633.5 -0.0026 -0.0026 -0.0031 -0.0063 -0.0044 -0.0044 -0.0034 -0.0050 -0.0040
634.0 -0.0029 -0.0029 -0.0030 -0.0057 -0.0042 -0.0044 -0.0032 -0.0050 -0.0043
634.5 -0.0027 -0.0027 -0.0028 -0.0058 -0.0041 -0.0045 -0.0033 -0.0050 -0.0044
635.0 -0.0026 -0.0026 -0.0029 -0.0059 -0.0039 -0.0046 -0.0032 -0.0046 -0.0043
635.5 -0.0031 -0.0031 -0.0030 -0.0061 -0.0042 -0.0045 -0.0036 -0.0050 -0.0046
636.0 -0.0025 -0.0025 -0.0030 -0.0059 -0.0039 -0.0045 -0.0031 -0.0048 -0.0043
636.5 -0.0028 -0.0028 -0.0032 -0.0059 -0.0041 -0.0046 -0.0033 -0.0051 -0.0044
637.0 -0.0026 -0.0026 -0.0026 -0.0060 -0.0039 -0.0046 -0.0032 -0.0048 -0.0043
637.5 -0.0026 -0.0026 -0.0028 -0.0056 -0.0039 -0.0043 -0.0032 -0.0047 -0.0041
638.0 -0.0023 -0.0023 -0.0027 -0.0055 -0.0036 -0.0042 -0.0031 -0.0045 -0.0041
638.5 -0.0026 -0.0026 -0.0025 -0.0055 -0.0036 -0.0041 -0.0030 -0.0045 -0.0041
639.0 -0.0023 -0.0023 -0.0023 -0.0056 -0.0037 -0.0042 -0.0030 -0.0044 -0.0044
639.5 -0.0025 -0.0025 -0.0027 -0.0058 -0.0039 -0.0045 -0.0032 -0.0046 -0.0042
640.0 -0.0023 -0.0023 -0.0024 -0.0055 -0.0033 -0.0040 -0.0027 -0.0043 -0.0042
640.5 -0.0021 -0.0021 -0.0025 -0.0054 -0.0036 -0.0041 -0.0032 -0.0044 -0.0044
641.0 -0.0020 -0.0020 -0.0024 -0.0052 -0.0034 -0.0038 -0.0027 -0.0042 -0.0040
641.5 -0.0021 -0.0021 -0.0024 -0.0054 -0.0033 -0.0040 -0.0029 -0.0045 -0.0041
642.0 -0.0020 -0.0020 -0.0024 -0.0052 -0.0035 -0.0039 -0.0027 -0.0043 -0.0040
642.5 -0.0021 -0.0021 -0.0023 -0.0053 -0.0034 -0.0038 -0.0027 -0.0042 -0.0037
643.0 -0.0021 -0.0021 -0.0020 -0.0052 -0.0033 -0.0038 -0.0025 -0.0040 -0.0037
643.5 -0.0018 -0.0018 -0.0020 -0.0050 -0.0031 -0.0035 -0.0026 -0.0040 -0.0035
644.0 -0.0016 -0.0016 -0.0019 -0.0050 -0.0028 -0.0035 -0.0025 -0.0038 -0.0035
644.5 -0.0018 -0.0018 -0.0019 -0.0050 -0.0032 -0.0037 -0.0024 -0.0038 -0.0034
645.0 -0.0017 -0.0017 -0.0018 -0.0048 -0.0029 -0.0035 -0.0023 -0.0037 -0.0034
645.5 -0.0016 -0.0016 -0.0016 -0.0049 -0.0029 -0.0033 -0.0024 -0.0037 -0.0033
646.0 -0.0013 -0.0013 -0.0018 -0.0045 -0.0028 -0.0034 -0.0023 -0.0037 -0.0034
646.5 -0.0015 -0.0015 -0.0014 -0.0046 -0.0026 -0.0031 -0.0022 -0.0034 -0.0033
647.0 -0.0015 -0.0015 -0.0016 -0.0046 -0.0029 -0.0032 -0.0022 -0.0036 -0.0034
647.5 -0.0013 -0.0013 -0.0015 -0.0046 -0.0028 -0.0032 -0.0021 -0.0036 -0.0032
648.0 -0.0012 -0.0012 -0.0014 -0.0043 -0.0025 -0.0029 -0.0018 -0.0034 -0.0031
648.5 -0.0013 -0.0013 -0.0015 -0.0045 -0.0026 -0.0032 -0.0020 -0.0035 -0.0030
649.0 -0.0010 -0.0010 -0.0015 -0.0043 -0.0025 -0.0029 -0.0020 -0.0033 -0.0030
649.5 -0.0012 -0.0012 -0.0014 -0.0044 -0.0025 -0.0030 -0.0020 -0.0034 -0.0031
650.0 -0.0009 -0.0009 -0.0011 -0.0042 -0.0023 -0.0028 -0.0017 -0.0032 -0.0028
650.5 -0.0011 -0.0011 -0.0013 -0.0045 -0.0025 -0.0030 -0.0021 -0.0034 -0.0033
651.0 -0.0010 -0.0010 -0.0010 -0.0042 -0.0025 -0.0031 -0.0019 -0.0033 -0.0032
651.5 -0.0012 -0.0012 -0.0015 -0.0044 -0.0027 -0.0032 -0.0022 -0.0034 -0.0033
652.0 -0.0011 -0.0011 -0.0014 -0.0044 -0.0025 -0.0031 -0.0018 -0.0035 -0.0031
652.5 -0.0013 -0.0013 -0.0014 -0.0044 -0.0026 -0.0031 -0.0021 -0.0034 -0.0033
653.0 -0.0012 -0.0012 -0.0014 -0.0042 -0.0027 -0.0029 -0.0021 -0.0034 -0.0034
653.5 -0.0012 -0.0012 -0.0017 -0.0046 -0.0025 -0.0032 -0.0022 -0.0034 -0.0034
654.0 -0.0013 -0.0013 -0.0014 -0.0046 -0.0026 -0.0031 -0.0022 -0.0037 -0.0033
654.5 -0.0011 -0.0011 -0.0014 -0.0043 -0.0027 -0.0031 -0.0020 -0.0036 -0.0034
655.0 -0.0014 -0.0014 -0.0018 -0.0049 -0.0028 -0.0034 -0.0021 -0.0037 -0.0038
655.5 -0.0014 -0.0014 -0.0016 -0.0049 -0.0027 -0.0032 -0.0022 -0.0038 -0.0037
656.0 -0.0016 -0.0016 -0.0019 -0.0051 -0.0029 -0.0034 -0.0024 -0.0039 -0.0036
656.5 -0.0012 -0.0012 -0.0016 -0.0045 -0.0028 -0.0034 -0.0023 -0.0035 -0.0035
657.0 -0.0016 -0.0016 -0.0017 -0.0048 -0.0028 -0.0034 -0.0023 -0.0038 -0.0036
657.5 -0.0017 -0.0017 -0.0017 -0.0047 -0.0026 -0.0035 -0.0022 -0.0038 -0.0036
658.0 -0.0017 -0.0017 -0.0018 -0.0051 -0.0027 -0.0033 -0.0025 -0.0039 -0.0037
658.5 -0.0014 -0.0014 -0.0019 -0.0050 -0.0026 -0.0033 -0.0023 -0.0036 -0.0035
659.0 -0.0017 -0.0017 -0.0021 -0.0049 -0.0030 -0.0036 -0.0026 -0.0040 -0.0039
659.5 -0.0019 -0.0019 -0.0021 -0.0051 -0.0031 -0.0038 -0.0025 -0.0041 -0.0039
660.0 -0.0019 -0.0019 -0.0021 -0.0051 -0.0030 -0.0037 -0.0026 -0.0040 -0.0037
660.5 -0.0019 -0.0019 -0.0019 -0.0051 -0.0028 -0.0040 -0.0025 -0.0040 -0.0035
661.0 -0.0017 -0.0017 -0.0018 -0.0049 -0.0028 -0.0034 -0.0022 -0.0039 -0.0037
661.5 -0.0021 -0.0021 -0.0021 -0.0053 -0.0032 -0.0037 -0.0029 -0.0043 -0.0040
662.0 -0.0020 -0.0020 -0.0021 -0.0050 -0.0029 -0.0036 -0.0026 -0.0041 -0.0039
662.5 -0.0019 -0.0019 -0.0024 -0.0051 -0.0030 -0.0039 -0.0029 -0.0042 -0.0040
663.0 -0.0020 -0.0020 -0.0025 -0.0054 -0.0032 -0.0038 -0.0027 -0.0044 -0.0042
663.5 -0.0019 -0.0019 -0.0022 -0.0055 -0.0031 -0.0037 -0.0028 -0.0042 -0.0041
664.0 -0.0022 -0.0022 -0.0024 -0.0055 -0.0033 -0.0040 -0.0029 -0.0045 -0.0042
664.5 -0.0019 -0.0019 -0.0021 -0.0051 -0.0029 -0.0036 -0.0024 -0.0041 -0.0039
665.0 -0.0020 -0.0020 -0.0023 -0.0050 -0.0029 -0.0038 -0.0028 -0.0041 -0.0041
665.5 -0.0019 -0.0019 -0.0020 -0.0049 -0.0027 -0.0034 -0.0026 -0.0040 -0.0040
666.0 -0.0018 -0.0018 -0.0023 -0.0051 -0.0033 -0.0038 -0.0027 -0.0041 -0.0039
666.5 -0.0020 -0.0020 -0.0023 -0.0049 -0.0031 -0.0035 -0.0026 -0.0044 -0.0036
667.0 -0.0020 -0.0020 -0.0023 -0.0050 -0.0032 -0.0039 -0.0026 -0.0043 -0.0040
667.5 -0.0023 -0.0023 -0.0025 -0.0056 -0.0031 -0.0039 -0.0030 -0.0045 -0.0042
668.0 -0.0020 -0.0020 -0.0023 -0.0050 -0.0029 -0.0039 -0.0024 -0.0041 -0.0037
668.5 -0.0016 -0.0016 -0.0022 -0.0049 -0.0030 -0.0036 -0.0027 -0.0039 -0.0039
669.0 -0.0020 -0.0020 -0.0020 -0.0052 -0.0030 -0.0037 -0.0027 -0.0041 -0.0039
669.5 -0.0018 -0.0018 -0.0023 -0.0054 -0.0031 -0.0040 -0.0027 -0.0045 -0.0040
670.0 -0.0021 -0.0021 -0.0023 -0.0050 -0.0031 -0.0038 -0.0026 -0.0042 -0.0038
670.5 -0.0023 -0.0023 -0.0024 -0.0054 -0.0031 -0.0038 -0.0029 -0.0043 -0.0039
671.0 -0.0020 -0.0020 -0.0021 -0.0055 -0.0031 -0.0037 -0.0026 -0.0042 -0.0037
671.5 -0.0022 -0.0022 -0.0023 -0.0051 -0.0032 -0.0038 -0.0027 -0.0042 -0.0035
672.0 -0.0020 -0.0020 -0.0019 -0.0053 -0.0027 -0.0037 -0.0027 -0.0039 -0.0039
672.5 -0.0021 -0.0021 -0.0023 -0.0050 -0.0031 -0.0036 -0.0030 -0.0041 -0.0040
673.0 -0.0018 -0.0018 -0.0019 -0.0048 -0.0029 -0.0035 -0.0025 -0.0040 -0.0037
673.5 -0.0014 -0.0014 -0.0020 -0.0046 -0.0029 -0.0034 -0.0023 -0.0042 -0.0035
674.0 -0.0020 -0.0020 -0.0021 -0.0049 -0.0030 -0.0034 -0.0024 -0.0043 -0.0035
674.5 -0.0020 -0.0020 -0.0023 -0.0052 -0.0031 -0.0038 -0.0026 -0.0043 -0.0038
675.0 -0.0023 -0.0023 -0.0024 -0.0053 -0.0031 -0.0038 -0.0028 -0.0041 -0.0036
675.5 -0.0022 -0.0022 -0.0026 -0.0050 -0.0030 -0.0038 -0.0025 -0.0044 -0.0038
676.0 -0.0017 -0.0017 -0.0023 -0.0048 -0.0029 -0.0033 -0.0025 -0.0037 -0.0036
676.5 -0.0017 -0.0017 -0.0021 -0.0050 -0.0027 -0.0034 -0.0023 -0.0042 -0.0035
677.0 -0.0019 -0.0019 -0.0022 -0.0049 -0.0030 -0.0036 -0.0029 -0.0041 -0.0036
677.5 -0.0019 -0.0019 -0.0022 -0.0045 -0.0029 -0.0035 -0.0024 -0.0040 -0.0034
678.0 -0.0018 -0.0018 -0.0022 -0.0049 -0.0028 -0.0038 -0.0021 -0.0040 -0.0036
678.5 -0.0018 -0.0018 -0.0020 -0.0046 -0.0028 -0.0033 -0.0025 -0.0040 -0.0034
679.0 -0.0017 -0.0017 -0.0021 -0.0045 -0.0026 -0.0031 -0.0022 -0.0036 -0.0032
679.5 -0.0015 -0.0015 -0.0019 -0.0047 -0.0024 -0.0030 -0.0018 -0.0037 -0.0028
680.0 -0.0014 -0.0014 -0.0019 -0.0044 -0.0024 -0.0033 -0.0019 -0.0034 -0.0033
680.5 -0.0016 -0.0016 -0.0020 -0.0044 -0.0023 -0.0033 -0.0022 -0.0036 -0.0032
681.0 -0.0014 -0.0014 -0.0018 -0.0046 -0.0022 -0.0029 -0.0017 -0.0034 -0.0030
681.5 -0.0015 -0.0015 -0.0018 -0.0046 -0.0023 -0.0032 -0.0022 -0.0038 -0.0030
682.0 -0.0019 -0.0019 -0.0020 -0.0050 -0.0026 -0.0033 -0.0024 -0.0040 -0.0034
682.5 -0.0022 -0.0022 -0.0021 -0.0049 -0.0028 -0.0032 -0.0024 -0.0040 -0.0035
683.0 -0.0016 -0.0016 -0.0018 -0.0045 -0.0022 -0.0027 -0.0019 -0.0035 -0.0030
683.5 -0.0014 -0.0014 -0.0016 -0.0044 -0.0022 -0.0030 -0.0017 -0.0033 -0.0031
684.0 -0.0015 -0.0015 -0.0018 -0.0043 -0.0025 -0.0029 -0.0021 -0.0034 -0.0031
684.5 -0.0017 -0.0017 -0.0018 -0.0046 -0.0025 -0.0029 -0.0024 -0.0036 -0.0029
685.0 -0.0013 -0.0013 -0.0016 -0.0040 -0.0020 -0.0026 -0.0017 -0.0033 -0.0027
685.5 -0.0016 -0.0016 -0.0015 -0.0041 -0.0022 -0.0028 -0.0019 -0.0033 -0.0025
686.0 -0.0017 -0.0017 -0.0020 -0.0042 -0.0021 -0.0031 -0.0022 -0.0037 -0.0032
686.5 -0.0013 -0.0013 -0.0020 -0.0041 -0.0024 -0.0025 -0.0018 -0.0033 -0.0028
687.0 -0.0012 -0.0012 -0.0015 -0.0036 -0.0021 -0.0026 -0.0017 -0.0030 -0.0022
687.5 -0.0014 -0.0014 -0.0018 -0.0041 -0.0024 -0.0028 -0.0020 -0.0032 -0.0029
688.0 -0.0015 -0.0015 -0.0018 -0.0042 -0.0023 -0.0026 -0.0020 -0.0032 -0.0028
688.5 -0.0012 -0.0012 -0.0016 -0.0039 -0.0022 -0.0024 -0.0018 -0.0033 -0.0024
689.0 -0.0015 -0.0015 -0.0019 -0.0043 -0.0023 -0.0027 -0.0020 -0.0034 -0.0030
689.5 -0.0014 -0.0014 -0.0018 -0.0035 -0.0021 -0.0023 -0.0014 -0.0030 -0.0026
690.0 -0.0013 -0.0013 -0.0015 -0.0037 -0.0019 -0.0024 -0.0016 -0.0031 -0.0025
690.5 -0.0013 -0.0013 -0.0018 -0.0038 -0.0022 -0.0026 -0.0019 -0.0032 -0.0023
691.0 -0.0013 -0.0013 -0.0017 -0.0038 -0.0022 -0.0024 -0.0018 -0.0032 -0.0025
691.5 -0.0010 -0.0010 -0.0015 -0.0035 -0.0019 -0.0020 -0.0015 -0.0030 -0.0023
692.0 -0.0011 -0.0011 -0.0016 -0.0034 -0.0022 -0.0022 -0.0013 -0.0024 -0.0025
692.5 -0.0016 -0.0016 -0.0017 -0.0035 -0.0021 -0.0025 -0.0018 -0.0030 -0.0023
693.0 -0.0010 -0.0010 -0.0015 -0.0035 -0.0016 -0.0024 -0.0016 -0.0028 -0.0023
693.5 -0.0013 -0.0013 -0.0018 -0.0037 -0.0020 -0.0023 -0.0019 -0.0029 -0.0025
694.0 -0.0011 -0.0011 -0.0012 -0.0033 -0.0016 -0.0021 -0.0013 -0.0027 -0.0021
694.5 -0.0012 -0.0012 -0.0012 -0.0029 -0.0020 -0.0023 -0.0015 -0.0028 -0.0021
695.0 -0.0009 -0.0009 -0.0014 -0.0027 -0.0014 -0.0019 -0.0011 -0.0024 -0.0019
695.5 -0.0012 -0.0012 -0.0011 -0.0025 -0.0016 -0.0018 -0.0014 -0.0022 -0.0017
696.0 -0.0006 -0.0006 -0.0010 -0.0024 -0.0013 -0.0015 -0.0013 -0.0023 -0.0016
696.5 -0.0005 -0.0005 -0.0008 -0.0018 -0.0012 -0.0011 -0.0007 -0.0018 -0.0012
697.0 -0.0002 -0.0002 -0.0009 -0.0015 -0.0009 -0.0013 -0.0006 -0.0019 -0.0013
697.5 -0.0002 -0.0002 -0.0005 -0.0014 -0.0006 -0.0010 -0.0005 -0.0015 -0.0011
698.0 -0.0005 -0.0005 -0.0007 -0.0014 -0.0011 -0.0013 -0.0007 -0.0016 -0.0012
698.5 0.0000 0.0000 0.0000 -0.0007 -0.0005 -0.0006 -0.0004 -0.0011 -0.0009
699.0 0.0001 0.0001 -0.0002 -0.0006 -0.0003 -0.0006 -0.0001 -0.0011 -0.0006
699.5 0.0002 0.0002 0.0000 -0.0002 -0.0004 -0.0004 -0.0001 -0.0010 -0.0003
700.0 0.0002 0.0002 0.0002 -0.0004 -0.0004 -0.0003 0.0003 -0.0008 -0.0006
